 lhe rhe LE MiPf LLPf RLPf LMPf RMPf LDFr RDFr LMFr RMFr LLFr RLFr LMCe RMCe LDCe RDCe MiCe MiPa LLTe RLTe LDPa RDPa LLOc RLOc LMOc RMOc MiOc A2 
F00 -0.157706549230124 -0.0832072020163909 0.3302569807015 -0.129309243755606 -0.011199288582059 -0.00425316816769713 -0.0680408660724328 0.0975458338919232 -0.000920672452814168 -0.0327994829891352 0.0483947009913199 0.0825868431803591 0.00706253681050697 0.000902257063503151 0.00985053465713795 -0.0334290180799826 -0.00856017680796163 -0.00107038556239319 -0.0699289858730492 0.0411353844005267 0.00223251809807224 0.00306618244338842 0.0121223775032144 0.0174166780395371 0.0108831199042549 -0.006259586970075 -0.0488099162033992 0.00828394939806643 0.00499758775356157 -0.0125230847650585 
F01 -0.00391458202342684 0.0132628926551393 0.0147853434473588 0.03860160890778 -0.0145716486750159 -0.0508183289235084 -0.104344449897166 -0.0430765404342732 -0.00180914435934117 -0.796154867976585 -0.372465377544916 2.51860068031154 -0.00587962785409511 0.0396284973735565 0.658063943695671 -0.17227669578675 -0.0484342123929254 0.0172727416279542 -1.47599711177637 -0.0121595223009115 -0.00732051130771926 -0.114635698552691 -0.168717559545382 0.697975019450867 -0.0402127560520172 0.0353847771694113 0.269588082785401 -0.642051576801547 -0.0236526202468672 -0.121306350859211 
F02 -0.0351171281641738 -0.0246470457389557 0.0175321353453061 0.0111953492516526 0.00427651968472123 0.00345192211231443 0.0153883748133262 -0.00970101303145612 -0.11872102637753 0.0259055333820416 0.063823035815907 -0.0445377413371036 -0.0317330486438743 -0.00525737482920253 -0.362530701567679 -0.0288699377564527 0.383418704186727 -0.000894052501809937 0.100010795123498 0.0964955345588509 0.00821579930212743 -0.00639251469231465 -0.0786395118138685 0.0290084751127228 -0.011910451780278 0.00278256145767532 0.097713465812449 -0.0733858302364835 -0.00606889173879191 0.0168883146900894 
F03 0.0579869430202718 -0.0659847745550575 -0.00277245104461074 0.0185500139409836 -0.017626664912832 0.000826409242540573 0.0337484574696847 -0.0480599823087852 -0.0202469194441484 -0.00408241503590608 -0.0576517033854537 0.125276855786487 0.0191977143865168 -0.00956778074983889 0.30498640902171 -0.023159712047341 -0.0401119255589646 0.0710703237644147 -0.163731957770248 -0.0276214167486887 -0.00113618538224601 0.0245974198156577 -0.16334300386194 -0.277929897744332 0.173167999389128 -0.138007394611758 -0.112782237117178 0.361241675069235 -0.0520407855179963 0.571149692878132 
F04 0.00441744718469981 0.00744134371837349 0.00336392245296265 0.0243088386683986 -0.000679348016238292 -0.00817963769207742 -0.0600819773411114 0.0172024940617883 0.0314716163378452 -0.0631060407520227 0.0228360572991228 0.187542211739031 -0.00254854550664165 0.00127203973312312 -0.273785177377505 -0.101986718829219 0.0469269588451507 0.0461932283234526 0.0404214141450704 -0.628241628245235 -0.00774935268264048 -0.00606165763064733 -0.185136883105685 -0.119826235114546 -0.14061178182486 -0.0521395091826262 1.1342795560721 0.385526958692418 -0.226197527743689 -0.0468092747101637 
F05 -0.170856817531722 0.16730538333487 0.0108195307223918 0.00559085848052763 -0.00408456146615661 -0.00337897518447275 0.0256681177133608 -0.0214004465717427 -0.0178166448136222 -0.00876404562882604 0.0311303511975984 -0.00174278197815716 0.00329569089758815 0.00461332618518825 0.011337431424284 -0.0125413103782041 -0.0261371152177894 0.0300100396923794 -0.0206046323162387 0.000538614874022241 0.00267774177921564 -0.0109467573745864 0.0408150267440202 -0.0458930795929804 -0.00344101370549827 0.00737571975193795 -0.0292901814455829 0.0449047066870617 -0.0057573995212679 -0.0510718112129585 
F06 0.0107721705204804 0.00376931985044734 0.00474199604120771 -0.0531943548497992 0.0189624258487291 0.0113109897916884 -0.154102122126334 0.367355031097137 -0.0067854689692742 0.260017250147634 0.0171387234102591 -1.87351455574466 -0.00233928578166049 -0.0138400342462451 -0.499050624487893 0.0763303000690111 0.0031113337770468 -0.10022581467961 2.55954682362128 -0.703657508853073 -0.00424180066248459 -0.0189026125625119 0.0279418755044184 0.215933577338833 -0.00610470586992429 0.0041428804174609 0.132648278107061 -0.264214159112064 0.106711257251191 -0.0659562455329678 
F07 -0.0169317116009347 -0.00962298167632293 0.0106705994328487 0.00746779856794896 0.00581598752993354 -0.000675548402007127 -0.00462720322921858 0.00330722748924542 0.0130375835764965 -0.00884372500386754 -0.000385519625013685 0.00414078583614523 -0.0369890712538312 0.000826389294391011 0.00625876261966101 0.00232738831292398 -0.0447385967864311 -0.000240266250997943 0.00369133375708157 -0.00739459063841977 0.183034567569284 -0.00780028773968838 -0.0127219443059671 0.0231518275041817 -0.0918404216653758 -0.0106569990452123 0.0367781372279879 -0.0311751170896752 0.0343662421543163 -0.00520174812087519 
F08 -0.0855704552029601 -0.0225953848891481 0.0512022850557242 -0.00743139340309509 0.0609306225333783 -0.00102475246426928 -0.0524371793110077 -0.0057365888841133 0.413815902619355 -0.0492595470823068 -0.389531824194691 0.091779167736561 -0.0563149128005381 0.00222559348380114 0.153094325421925 0.0388307629756166 -0.11360805658176 0.0124804996121043 0.0489321746268711 -0.0718885829303258 -0.00430213879354507 0.00521589572073426 -0.0250200150530624 -0.0469536120606524 0.0247204195391187 0.000433739799169916 -0.020960284555886 0.0443399742385938 -0.00108300399755118 0.012093347647018 
F09 0.26091743332904 0.250719157560844 -0.0607299331088084 -0.099802859607668 0.00492004574923642 -0.00158454601455633 -0.0764781199178693 -0.0388502779205019 0.0711582253072447 -0.00343833661441634 0.0126435882109138 0.060999778637698 0.00126082328773685 0.00525322371927206 0.0105402789128807 -0.012494427048551 0.0252419296272423 0.0471273589050762 -0.127495814033999 0.0843227940944143 0.00015819508746951 -0.0191764039974873 -0.0528509166728098 -0.0667890885052006 0.0593369276388861 0.0582417113284582 -0.0105098073416318 0.0305175632290893 -0.0472639125081476 -0.183313637377205 
F10 0.000545747492555834 -0.0345337206711406 0.00707921622468292 -0.0593554798089019 0.00433906568866434 0.0431554496831229 -0.0185782979402108 -0.0758558819463101 -0.0136037684632621 0.518856627784886 0.136491481036333 -0.363581751758587 -0.00053414490027546 -0.0272028646678038 -0.0253631262639928 -0.262350807178569 -0.0143488890863914 -0.342924302854243 0.122951610540838 -0.119359364080706 0.00255175811218634 -0.0293680965435818 0.0321200179176191 0.990050116922744 -0.0584911789729685 -0.127001148745345 0.183953103021692 -0.49946537616102 0.0415000835201559 0.00097229402407943 
F11 -0.110967092876223 -0.0368180768716559 0.0363891966425764 0.018840758406385 3.54619223509098e-05 0.000268764095291539 -0.0314883204615454 0.00526614551703635 0.0109882417248772 0.00526964705389696 -0.0698307664764992 0.00208277439910496 0.203167320423551 -0.00338176436749167 -0.157357339821061 0.00326971137498748 0.144356650361555 -0.02378686247987 0.0649096117553213 0.0415013850550331 0.00717265134037571 -0.00578112602581608 -0.0958994701985934 0.0497084622628188 -0.0148938367471373 -0.00042219012990973 0.0911633034201093 -0.0779978087604296 0.00638176460685336 0.00489814637482696 
F12 -0.0188947365599911 -0.0769863081681548 0.0250351245540483 -0.00156419516405305 2.63752650969488e-05 -0.00133174409524137 0.00222645536848911 -0.0278270918550457 -0.0153717790035833 -0.0100929982504796 0.040065801585958 -0.0748723171207471 -0.00367305918898668 0.212190891601046 0.000206609721499425 0.0196261996380836 -0.00999097601114553 0.0422332461194349 0.0131500238658778 0.0138228812980419 -0.00141126417627207 -0.00253054500773779 0.00508063585702115 -0.191154464886888 0.00680868018394272 0.0112346158275174 -0.0330587101733484 0.12306081251046 -0.00473253214603708 -0.0369906203221496 
F13 -0.00344494018268532 -0.00540908508446037 -0.000127959377242934 -0.0197344692682104 0.00122644312769383 0.00480602415330485 -0.00902298339797739 0.0226668542041937 -0.0112681514893308 0.0537044439110749 0.213559654188694 -0.0173829043407114 -0.000690677823148806 -0.00316600826607223 -0.233957598819519 -0.165288622787044 0.0184620928310065 0.00569973997674391 -0.579676193801836 1.41003050822008 -0.00138987940821898 0.0067043581934956 0.00236144623067802 -0.0478668688150093 0.0116028559348803 0.111220499581971 -0.215903957565495 -0.545742747255932 0.0156418261872821 -0.0072620105701001 
F14 -0.00173027868745254 0.0174930368975502 -0.00112584408698614 -0.0538936329142998 -0.0278919764502349 0.00291381508488986 0.481887389392141 -0.38465550045321 -0.212111551932903 0.0841826168070077 0.643017642424609 -0.226074278915476 -0.00277669692192085 0.00564017089451053 -0.163769417628917 0.064973415531562 -0.00264097711501391 0.0390347063053364 -0.337208882248589 0.16885469866519 -0.000131488807023674 0.00166784304656047 -0.00250441073045869 -0.0904347332851279 0.00975850439988238 0.0110001586429909 0.00390447305532996 -0.000863414271230997 0.0107978076831916 -0.0242780660550547 
F15 -0.156262953209687 -0.121754385844027 0.23976398788386 0.298198406432025 -0.0141845529705424 0.00908081311335907 -0.0467347224226059 -0.150184955348727 -0.055110955888883 0.0846625849501458 0.073547051609363 -0.0809746718635863 -0.00413555353816494 -0.00780286373824048 0.0574728133774927 -0.0168581779322468 -0.0147855895484907 -0.0542333122443623 -0.0421646738307428 0.0114551207377265 -0.00284643606929929 -2.28185573566335e-05 -0.0261641751341921 0.118811542237018 0.0124803606617667 0.00338687043738299 0.0337386423513106 -0.066840384482083 -0.0223836109540585 -0.0367853941338899 
F16 0.002339729344746 0.0054440954577663 -0.00200222784016078 -0.0160765080019106 -0.000792362200605451 0.00165463355829377 0.0264623188776108 0.000408391520146886 -0.0130463126552583 0.0288010786025578 0.0135451142188814 -0.0412498684514347 0.00141287950920948 -0.00164261098807613 0.0684883135050651 -0.067113012223147 -0.00913509002391931 -0.0205891656616594 0.0399259899705312 -0.187118424046431 0.00258199842076679 0.000181371911904105 0.114561636081492 -0.19307800671433 0.0738726387362485 -0.117538020693666 -0.698018657455423 1.04443135436284 -0.0340042001093607 -0.0213266303073811 
F17 -0.00616168762457752 -0.0441810512719263 0.0243580247910281 -0.0778047334202471 0.000883599786805767 0.171232357318188 0.0164619560716333 -0.0616551571696741 -0.00587624575345904 -0.0962283005343672 0.0374438054299256 0.0866761789489609 0.00127207158307296 -0.00882806731100813 -0.00700068233976173 0.00358835156238651 -0.0027049616502159 0.000233958017664699 -0.0535942970965929 -0.00515252924176184 -0.000549805371491246 0.00284053125714254 0.00863008288881085 0.00845107079191075 -0.000392464836686036 -0.00255997237026537 0.00487854327948848 0.00162203298426827 -0.0032002358094757 0.00475556351062918 
F18 -0.00459729449427272 -0.00175688580658425 0.00897950177955022 0.0055998196124511 -0.00318310408992672 -0.000881335251128224 0.0121606870104717 -0.0117635915497578 -0.0177307160877005 0.000737710996944702 0.0607129434333227 -0.0111878045749953 0.00292801495429964 -0.000801258681245777 -0.0152387322457901 0.081519538012879 -0.000286258340151083 -0.00190910853006488 -0.0617550523261561 0.124721714199774 5.92245279683467e-06 -0.0109539412338857 -0.0239575594860814 -0.168282918985187 0.0162773075702244 0.43537843396997 0.0798484741517591 -0.257261014985697 -0.140038250368026 -0.0586899040207102 
F19 0.00464347408078628 0.00201349557050164 -0.000321743710634965 0.00676300922267088 0.00429371259797114 -0.00200992165496355 -0.141921068895083 0.085177179489936 -0.0031380951265858 -0.0424018933591101 0.156405263369671 0.207701257306548 0.00267179343124087 0.000114834413069818 0.0399153765154413 -0.177171405056337 -0.0100950187292477 -0.0159294001928673 -0.411844589487876 0.520617217040197 -0.00018164658846167 -0.00404921944650274 0.0253864207763819 0.266069774729846 0.0332654815487172 -0.121297327494429 -0.379012775256648 -0.373776589364418 0.420786643052482 -0.0399380006660746 
F20 -0.00652166034211499 -0.00363685222720387 0.00622824306061884 0.0166037852553236 0.00124693006928069 -0.0038044674113987 -0.0289974753187959 0.0029829701263864 0.0304542134996153 -0.0443411118509122 0.0691121971217345 -0.0279072763442738 -0.0121387426436788 0.00156648443061412 -0.368750543946148 0.0601262415605767 -0.132882154218337 0.0221969162116697 0.153690364699245 -0.0695790245229372 0.00378168916004303 0.00857847498633246 0.705761796870459 -0.148484112095613 -0.0864227886971948 -0.0205040835650923 -0.354512846153385 0.226663477512476 0.0434139348659186 0.0050251638624708 
F21 -0.00798918960897878 -0.0169545705711388 0.0119121327498187 -0.00894789329597167 0.000128692308739274 0.0148766041951927 0.0157644318368305 -0.013486630489646 -0.0122284252714945 0.0691879469090287 0.0130260156044382 -0.21153665079561 0.00192338036382244 -0.0659530534092586 -0.0476295330050997 -0.175795594992189 -0.00584393057410392 0.480143678159725 0.139715137530651 0.0970286752648064 0.000193207769359566 -0.0205800188787067 0.026895234901759 -0.517036058159548 0.0112199275042358 0.0704168573644948 -0.0884564386536803 0.286402379371159 -0.0282465845192231 -0.0130567065537956 
F22 0.00478602569554108 0.0148242855525914 -0.0130852468545765 0.0199306653676759 -0.00525610381208586 -0.0259329810692169 0.0508891401151736 0.0588381838390099 -0.0173095231704254 -0.252737834866912 0.10694314100468 -0.149819358694225 -0.00011082368386565 0.0241630633677849 -0.0771065475509114 0.126850856968381 0.00571696751796635 0.0994128154596656 -0.0371518071426633 -0.0435302974319335 -0.000858770423822124 -0.0537396200372179 0.0106619772567887 0.423290196791069 -0.0185386343099673 -0.0548542267941351 0.0988128609309567 -0.352741607227037 0.0404743952850762 0.0191094394815851 
F23 -0.00889244876239626 -0.016819049807882 0.00991014166105017 0.0112856073217263 -0.000721856504498656 -0.00143115814069798 0.0155966022716463 -0.0304879260662242 -0.00529435505065926 -0.0261524685036802 -0.0329901542126777 0.0975331979420993 -0.00186338566327148 -0.0156576646369421 0.052939886457787 0.0843144963323818 -0.00314748480336667 -0.0687759166242431 -0.0655974115820027 -0.00537341378750119 -0.000791583730663776 0.271947408720373 -0.0251753477359276 -0.233943889015466 0.00716564879076741 -0.0657427058819108 -0.0303057198385335 0.161666547527881 0.000981057593842077 -0.0638564849222415 
F24 -0.070320975790627 0.00494477391117263 0.0337836221627821 -0.083992388603396 0.15955041639202 -0.00351755407462729 0.0681021039600106 -0.0268982147344443 -0.165346351906379 -0.000720243485864513 0.0672344979798975 0.0458714524767094 -0.0070982819916088 0.00130399536422947 0.0347965265105955 -0.0152394225401458 0.00724959922411001 0.00267819710001244 -0.0739152611824435 0.0147154099872125 -0.00314767703273774 0.00273939918805631 -0.00166365940964222 -0.00138927170142426 0.00699370189843727 -0.000706202884996469 -0.0135466448651119 0.013334742073003 -0.00595011251898376 -0.000170428809097149 
F25 0.000701891318509814 0.00191750263705524 -0.00474132810460787 -0.00911551130743912 -0.00274870474272585 1.34608623347412e-05 0.0331705873998933 0.0231962953789488 -0.0542574457750528 0.0160230295572141 -0.102006991650751 -0.0782627876171034 0.00471251602101188 -3.2285286089807e-05 0.869334610494077 0.0473683087763125 -0.0898970183072412 0.00239715256472116 -0.226046270453196 -0.309668832837746 0.00240750696189247 -0.00136180504914206 -0.167568369734457 -0.0185532227044066 0.0306696544328607 -0.0159960793348377 -0.141654142184985 0.196448059179462 0.00540551715676325 -0.0115200751253206 
F26 -0.000728647834228692 -0.00848977816837522 0.0104072952961743 -0.0960257111082196 0.00300005243049526 -0.0194598814402506 -0.100323363886807 0.675622897695684 0.0309388599238342 -0.220551586974066 -0.165260155560217 -0.348009970366673 -0.00137836097197239 0.00530193241965252 0.0702028741183126 0.081560557307898 0.00155977331436575 0.0827241037523927 0.113977369882146 -0.0334365681521392 -0.000542416447818385 -0.00208535805379823 -0.0223242145443511 -0.096659057454623 0.00593262283647664 0.0177590313035388 -0.00206033682460747 0.0460150026455306 -0.0101890762718241 -0.00949596952469037 
F27 -0.00470256833636666 -0.00276124634811996 0.00435260719813268 -0.00370950165460109 -0.00145776519312324 -3.98178942986808e-05 0.0157106378299239 -0.000602345666877635 -0.0154776744786409 0.00603037266623425 -0.00137207834630545 0.0106556432580644 -0.000548384980495141 -2.8682355812779e-05 0.0644395529433829 -0.0464417949039862 0.00501294703471637 -0.00872538341751997 0.0097457892386949 -0.0599586827842628 -0.00718118054587569 -0.0066682830219101 -0.103327734920717 0.0262443987762232 0.283085371299272 -0.0143165054080816 -0.128205547586977 0.198443929236162 -0.18834795876223 -0.0113209594902477 
F28 -0.00247280857111353 -0.00704011761118145 0.00335239594763369 -0.00258496350327514 0.00273030421236448 0.00636240991052195 -0.045404393687282 0.0180942403684481 0.00382498373120696 0.0495346786544727 0.0829646086045041 -0.0759535216509601 0.000141938345127342 -0.00724321073191442 0.0612446895172177 0.743441646144143 -0.00381270480571665 -0.108662656280434 -0.398621098116108 -0.124143512769342 0.000224893776401601 0.0204974024531546 0.00173634286502824 -0.300643401965062 0.000512059299066367 0.0411880884437962 0.0288776930873638 0.0109860747117939 0.00454107937653869 -0.00490404423349614 
F29 0.00449071110604778 -0.000301017071347265 -0.00687410878003075 0.0142950295934021 0.0107250955477573 -0.00393511562460695 -0.264115703227414 0.166817867333052 -0.0183962992035431 -0.0260794766065742 0.422456599676374 -0.203165883156213 0.0018907161155533 -0.000300181229261103 -0.145089493052997 0.0597461831935411 -0.00588206397246682 0.0254977057879657 -0.0722133054705132 0.0263094250130587 -0.000957135057601692 0.00210234088294435 0.0218020965975478 -0.0508054237490006 -0.00147789368983206 0.0094645789717185 0.02879790122693 0.0203760203546858 -0.025598608602172 0.00621086798517403 
