 F00 F01 F02 F03 F04 F05 F06 F07 F08 F09 F10 F11 F12 F13 F14 F15 F16 F17 F18 F19 F20 F21 F22 F23 F24 F25 F26 F27 F28 F29 
lhe -0.423886674166118 0.525439898614527 0.171437622888672 -0.00377484410235264 -0.462419209115209 1.3093067451658 0.113992016253762 -0.118927948373378 0.308836985364631 -0.0136538782390472 -0.535238076776048 0.544863032311139 -0.501006235295393 2.17994455522791 0.105152915958373 -0.127858895384225 1.00320945377861 0.435586235596687 -0.0189293397951894 0.193806315744885 -0.151659617876 0.466137297715583 0.172914160370108 -0.114175083508536 0.725781188947242 0.0430227390172842 -0.534406183878545 -0.16853020727373 -0.133159986875975 0.590499993403858 
rhe -0.4400461118628 0.493967871149552 0.247679750718679 -0.957253598989837 -0.549411047786646 2.05478907939581 0.189092744371697 -0.106496792350258 0.955773147912456 0.661120957329107 -0.323692284861433 0.582746617221038 -0.805983745847309 -2.39028673591714 -0.419272772687477 -0.785227955348447 -0.141970062794524 -0.0834767898618161 0.379926108041821 -0.198346450408699 -0.475888076292388 -0.530542106312549 0.218980679247442 0.437348583023403 -0.302786395606676 -0.00691872475893909 -0.884060762054559 0.0804219521583123 0.361631756766621 -1.09815688637248 
LE -0.37022475630285 0.552751895926195 0.091838077022145 1.53249676208419 -0.375558590046027 1.48768168661276 0.0459099801897995 -0.132281802935468 0.408738416053282 0.0022853486420351 -0.50177147902937 0.400142329084611 -0.63923653125145 0.959364148948017 -0.171424889227502 0.236965947673912 0.872362547243282 0.474479247781943 -0.00917491608222712 -0.000943406229604697 -0.0681474578651262 0.639414312647725 0.119489731525606 -0.0647763819235848 0.116971481095535 0.0711989238322459 -0.62132317469758 -0.0611055133795641 -0.131349268349316 0.135814249509487 
MiPf -1.83437815226797 2.27687753178612 0.616297807179822 -2.89937016899823 -0.8760161255654 1.45242379663461 0.347690786997851 -0.153960080197887 1.35264062915782 0.183374524691368 -0.89083913485755 1.38708637040097 -0.947573189931113 -1.4152057164096 -0.266017932677481 0.796316161998762 1.15989971984562 0.600184653632036 0.138191130682762 -0.139943649029089 -0.235350766758628 1.00906091280353 0.491295654610422 -0.19743006223999 -0.0311316643327684 0.127554191331912 -0.752611316912405 -0.458560872859731 0.222779082165873 -1.40664033013915 
LLPf -0.770516649048189 1.05996009775103 0.641829676951925 -1.93686629582167 -0.980932889124842 1.17249544879141 0.368636538470611 -0.077684055628431 0.591992609641985 0.0901472395736148 -0.750127455783345 1.26581871791321 -0.696095803474867 0.20824293915695 0.151237559859446 -0.552817119932037 2.65197492864746 5.29126638835876 0.122848087085777 0.362635004828017 -0.282668420200266 0.702389140475146 0.372485460649819 0.0302618438598404 0.581168374280081 0.195159676333157 -0.385399859688659 -0.201739082959814 0.499233677078867 -0.599710435022127 
RLPf -0.65925861476099 0.889568799138446 0.517779431644696 -2.1130585274074 -0.844454024880746 1.77231706013397 0.354863405479342 -0.0767536815008994 1.85594190281363 0.658365966535034 -0.530514755408866 0.841395768208287 -0.954777254488444 -2.52696415329567 -0.380968290706485 -0.918499655993551 0.210547977616812 0.0325712153593351 0.391070429138836 -0.227756361011433 -0.710918227909923 5.08577313861959 0.341543076943 0.468416805816409 -0.355570665915727 -0.739607395024747 -0.714412204602533 0.195366201566318 -0.0187346878582349 -0.396996322065481 
LMPf -1.53586935794167 2.3123671622686 1.04251833156267 -1.34891913856647 -1.90633982744592 1.00357169502936 0.658555395971041 -0.137363059696154 1.10591403991403 0.224525731215056 -1.02280102882622 2.15255371735816 -0.902839393228027 -0.522680826767425 -0.116855839595491 -2.12974290981076 1.31209448077879 0.476677543633421 0.042529769091935 -0.401930668606854 -0.531256298705338 0.504416442184312 0.799147519950327 -0.0489317491834815 -0.114542052076656 0.537266467289347 -0.758957351777103 -0.804294615078445 -0.86406764635135 -0.81169380060352 
RMPf -1.60834760896066 2.35626644459057 0.988836446921658 -1.40832937192402 -1.99383269216789 1.14664342902299 0.695564487604087 -0.202874440184005 1.86882779098346 0.480211387184317 -0.978422694786295 1.82449949688604 -0.931499468792304 -0.997912051335279 -0.31114447709454 -2.21224669531066 0.412285771954793 0.402449917483813 0.075045665633175 -0.53566997262547 -0.723355248127172 0.628656246093195 0.597733730281456 0.0588473609914001 -0.261406173666458 1.16945900626129 -1.21526977482187 -0.618359671168084 5.09057052921398 -0.279528593631302 
LDFr -0.644964727154118 1.00006198837054 1.10736472361241 -0.874436124876414 -0.802521261316153 0.799361909916501 0.660465904704856 0.163343633639565 0.655105595532351 0.160394570451119 -0.777726790910187 1.6935861061392 -0.932379083569636 -0.207480563599117 0.455614172675381 -0.915219470776826 3.02235664025444 -0.365302172571719 0.0328310612593784 -0.478780836070905 -0.282481059289727 0.0578807260073353 1.59360573183595 -0.0647584807034181 0.206657055702229 0.493273598048557 0.0774207182413367 0.0540308230371151 0.344194310561024 0.587669063181678 
RDFr -0.671850899447251 0.972664922952936 0.928939942460723 -0.931064034719868 -0.815754809767867 1.19147553572047 0.642658249667408 0.0623617069158446 2.07235092204377 1.07657155002235 -0.49821704685385 0.989464285400298 -1.12710157477209 -1.20663042466269 -0.162739357572307 -0.957872344857816 0.0904575368671374 -0.0515503305116904 0.0394684596034944 -0.307231197884828 -0.553443779010173 0.0272849018752226 0.44160748137952 0.403547231238584 -0.292021307780015 5.00773034643855 -1.37630196366713 1.69987548892206 0.353840271304758 -0.567759532130503 
LMFr -0.875954129239643 1.20914644992646 1.42665738573203 -0.76632397858236 -1.07017347398777 0.797035355708893 0.886608210686303 0.197742201421754 0.930187579621485 0.264987402513892 -0.913113888298141 2.10834371578634 -1.16737202482275 -0.480933235127314 0.0601687367211228 -1.0867960378852 0.809155455356348 0.102439734772498 0.0403805643604642 -0.344548275566985 -0.629792996519724 0.205284153840772 1.0816963140366 -0.116288209782135 -0.180223519453598 0.493494844567178 -0.57912428719836 -0.191818209255781 0.259377326567881 -0.493065182880543 
RMFr -0.826381518083713 1.17132441207392 1.34355776325732 -0.781973298315771 -1.01781453114792 0.861660936763012 0.902172669335389 0.180965466566005 1.8463231551397 0.635282290913711 -0.760379129676606 1.50895725926658 -1.2275220538874 -0.752088519293538 -0.118788706157854 -1.08055360286613 0.185242722194854 0.136044205850429 0.0562459955315468 -0.330439700955839 -0.716660322427076 -0.0242874433018892 0.637778034296159 -0.0259998426013948 -0.294659276415778 0.898583708180465 -1.45831055454248 0.508855850864008 0.421108884245323 -0.390497998690389 
LLFr -0.552086923889319 0.540517941708312 0.700541504109519 -0.584417534021476 -0.649894068145206 0.852025230850981 0.420359863686239 0.124643191765416 0.325095985359695 0.0933615120866235 -0.472874634363661 0.889067338137104 -0.423376258302946 0.364982331451172 1.19921465552535 -0.314073990758583 1.82669492583931 0.290421252453757 0.0966410040506822 5.27663325034758 0.012854910503266 0.231538568734309 0.267037700832167 -0.0242601708544377 2.44871713336591 -0.0169246153964987 -0.0950258579006335 0.261752029184396 0.0637743768796977 -0.232407178756012 
RLFr -0.488520376614056 0.597633855531391 0.592401218775085 -0.630685073315072 -0.58887107315926 1.32650207561488 0.507584085345225 -0.0129881676807915 1.27917761521516 1.33731835836515 -0.0583144971073695 0.636154500299266 -0.956110782087609 -1.2014965773425 -0.174437980170109 -0.580321108917098 -0.207875660472103 0.0162321251417194 5.40727304274795 -0.13038746778877 -0.363029885183941 0.201079991899103 0.269700823017839 0.956857133872119 -0.154056989072996 0.372284502380698 -1.00322893293822 -0.172577069429115 0.405040744527562 -1.20753192613101 
LMCe -0.492390930193204 0.703202123735725 1.4674737833529 -0.513914431801322 -0.582896850398221 0.65229767427315 1.43461686166171 0.788763643068272 0.474317215132697 0.434215124484967 -0.525394120587663 0.898273868502033 -1.16314741440703 -0.457634210441528 1.10240422573956 -0.553152780325756 0.380415176040965 -0.0058534370463122 0.0491251286630244 -0.154126406271796 -0.166027150994883 -0.0128982072059906 1.34204457626627 -0.215010976953682 -0.274761748247265 0.289767439766565 0.39066412394341 0.24233627809115 0.0490416625459755 2.47899864550898 
RMCe -0.531865378524706 0.764578048266152 1.31739320148523 -0.524113727405811 -0.62447112466071 0.714945146256248 1.39663763036425 0.668577932422067 1.17548923694547 1.66044514031948 -0.146285273812425 0.705884370290578 -1.32719800836168 -0.735838683105248 0.368598674685444 -0.628138560460676 -0.2088314240739 0.0350311123331358 0.110190863378178 -0.206519888602028 -0.516267234688381 -0.0583627592109412 0.556570214203626 -0.439999308231436 -0.395639446999652 0.452224546021474 -2.60393676727596 1.10997079715927 0.0802342779387044 3.43974516604882 
LDCe -0.551611099286173 0.730140853503367 1.05719722931751 -0.56588636586178 -0.648246759701714 0.696380790321846 0.838357202586307 0.335558489001919 0.345585838502107 0.292880747941138 -0.516322298970698 1.07421074003387 -0.534982576314352 -0.0699635549234895 1.74575865524787 -0.783053110595849 1.63099590805043 -0.0411383623965358 0.0461070534568177 -0.175366687596869 0.034592780822561 0.064888776171879 4.13587556847791 -0.118769197749205 0.842349296374277 0.276596535698433 0.0166302311620127 0.0310259218599979 0.191441825954916 0.0574457443033987 
RDCe -0.418738413533514 0.652544231055074 0.965682732021377 -0.553604145600826 -0.477191146798024 0.920926450201617 0.895109848511607 0.331186061785985 1.41046574262334 2.06228563647443 0.162923011416524 0.601899626425251 -1.18312620981913 -0.880930839606797 0.18086604871275 -0.526173210601946 -0.176806285956579 -0.0535524182896163 0.233092284029277 -0.16980729021407 -0.221360772407093 -0.0777939476857412 0.413315336956402 0.258025347810183 -0.282519186673548 0.506606922916244 -1.60038539443684 3.77447342457624 0.233675389982872 -0.743630616571522 
MiCe -0.640330527447529 0.878146866222568 1.63608394160121 -0.565799133212784 -0.76436948991013 0.723030163231699 1.30795278008593 0.497524028851228 0.830477296556609 0.618050909337222 -0.716545886686531 0.982800404651027 -1.37312982374028 -0.57963351047057 0.109607484259231 -0.781446383130088 -0.0270460751043719 0.0649252688824429 0.0425335955374988 -0.280537886757735 -0.756499297564535 0.0678741077534125 0.780689238447206 -0.244455340973521 -0.357123499217593 0.450974070129578 -1.01489971228471 0.104917634581121 0.203986711262128 0.48380820893828 
MiPa -0.538265059836888 0.690782225728927 1.4436241199629 -0.425773486774861 -0.602611862731962 0.612356490474177 2.13842600746788 1.29456008995598 0.491710909419582 0.953081237555127 -0.196074948122404 0.407555733593465 -1.26626441063843 -0.546391571712474 0.686391156517151 -0.688489848021674 -0.241076844858914 0.0440357480655792 0.0557962359206452 -0.210285568696917 -0.128901762956503 0.0431688506367775 0.670013904816955 -0.40022702126366 -0.313002532468376 0.299000772225092 -1.16307943328185 -0.136738713499318 0.224902431391091 -0.468726745692267 
LLTe -0.424702625323253 0.548159723379666 0.73344087494029 -0.351942661824635 -0.484969895331333 0.527280013982865 0.658138680473105 0.409200369316229 0.0890539204063708 0.341594924426592 0.0500441567297331 0.599444750720775 0.707107599062011 -0.0182424355852292 2.26501264654752 -0.521906578130577 0.906291569689905 0.141665850914308 0.0530041296735077 -0.108479498696754 0.436453237387106 0.158083738664436 0.361166907539663 -0.0565780669046503 4.55743934922325 0.0969270994719882 -0.164759641149818 -0.15215938379422 0.146967244640008 0.0153152380040317 
RLTe -0.234655837680066 0.401863696328499 0.652030503012051 -0.334458420423784 -0.299630824598582 0.859495420050176 0.638321019527729 0.216997737089047 0.935554916959157 2.11526016046019 1.31498140829415 0.27588919742446 -0.906759634234864 -0.742750690680002 0.0665388950880325 -0.0989672865656094 -0.332286693911871 -0.115739099880298 0.353147577746483 -0.0246453685120773 0.270810235479519 -0.219857459728161 0.296546870942011 4.87768650474884 -0.109249237254057 0.101461317276548 -0.320576848123353 -1.50842498789481 0.0810157628798171 -0.860574475008065 
LDPa -0.377331331067355 0.548845650259343 1.19979549784866 -0.412196911295203 -0.396723745147788 0.565188498683878 1.31632514483781 1.23500962279374 0.233578741854384 0.517372003662973 -0.0243912651558069 0.569727847862219 -0.224898880596445 -0.321072871125959 2.73179498450309 -0.512296122592359 0.543108107255738 -0.00409280889518349 0.0552687571302388 -0.0546553269677693 0.463757334944297 0.0110303340240708 1.33106616425108 -0.208300038395609 -0.275803572963373 0.244918606415411 -0.253833774567397 -0.0333708524706007 0.162422785263446 -1.08081479795164 
RDPa -0.445620233993391 0.596267663490052 1.08132873541176 -0.408277227321884 -0.483739138962106 0.649179682651715 1.38454377099231 0.996783529282264 1.08946557283337 2.37430239950596 0.907949399164972 0.40555780912533 -1.15225545646799 -0.656079966920823 0.528277905147801 -0.612466843304316 -0.294276185441881 0.00375753704030506 0.151587294060184 -0.162150734930865 0.0833109660002558 -0.0619400193196965 0.428959993269043 -1.28153769292015 -0.30848262851452 0.167720559365446 -1.81489749768842 0.14185592183429 0.184232314250491 -0.152209097104547 
LLOc -0.357662882100035 0.498728913342899 0.97937410565866 -0.316454308585717 -0.0464631135513572 0.423292734950387 1.10841280686647 1.78203142092326 0.102657861223126 0.623673337392226 0.937912566575686 0.377663353832487 1.87784824662608 -0.285660163071989 2.32464645824 -0.527722610104493 0.340955487280265 -0.00509541317355251 0.0705583795202758 -0.0357052916255541 1.4013747280055 0.0212094310799639 0.618480164457098 -0.246868997445136 -0.230585103275519 0.206279664966422 -0.331086699524976 -0.205267468389324 0.196307725824817 -0.252741347126448 
RLOc -0.404732040424119 0.267936563230574 0.864674629167327 -0.272281310600676 0.245220912266367 0.49926170295709 0.981337523686085 1.40550902921233 0.557704459063963 1.43205334333409 3.62416708053863 0.0913079061054902 -0.907401839212225 -0.549268480462924 0.458737052932642 -0.338783261736609 -0.343657725509841 -0.161143417485593 0.185674907989305 0.0476873125602092 1.44818163717341 -0.208094944540234 0.30017678204551 -0.39788823921636 -0.257274810144295 0.164583071571196 -0.85031498092962 0.023277612340341 0.120829035225129 -0.447323728528733 
LMOc -0.0857777183732578 0.44843203945143 1.25303608985092 -0.3620419391687 -0.0287211806133808 0.522067361100445 1.69285544554191 2.4095886101643 0.275906188351707 0.74491719643576 0.464050321724233 0.222214386542435 -0.562176740890223 -0.492664773118022 1.71495303892576 -0.235234154504568 0.0528360292076298 -0.0832589055745895 0.0829714198565976 0.0178403227519626 0.78153030761735 -0.0892843156728922 0.698739959172861 -0.259581749814597 -0.225283729115138 0.211611133240677 -0.523136620909742 0.1844890399862 0.0612974171286455 -0.743916620117703 
RMOc -0.412914785240173 0.505056480220455 1.1847173542094 -0.357415175777885 0.613063434809956 0.542472838003768 1.79331461204573 2.13724358768646 0.59270090816889 1.56608175123431 1.06678064734912 0.235971500663101 -1.154361520525 -0.52848305241355 0.783156451540894 -0.795127027901358 -0.327088887456066 0.0183816402441195 0.0897480455405592 -0.0895930900567701 0.748889831007326 -0.00923196247082866 0.489531500492509 -0.874342492596361 -0.140973860473911 0.196700028070051 -1.48036546033698 -0.541815685947009 0.264184639052804 -0.269116688574247 
MiOc -0.233469037394381 0.0704451273920236 0.993084494425798 -0.258701266876419 0.83273654590432 0.3548832920606 1.08067846436046 2.87461010602794 0.184150374181739 0.878075100116983 1.8043689044728 -0.0892035771109015 -0.11691854822459 -0.454085265925537 0.830703765981177 -0.483778907763005 -0.293190557981523 -0.136985042490889 0.0945840041246412 0.0518010704944877 3.84133654880945 -0.0745118260550719 0.367569926297378 -0.518537359257207 -0.146143745030021 0.149342571022508 -1.09336057244663 -0.280908940257765 0.241705191966728 -0.179618799429142 
A2 3.80584712608265 -0.74836303900053 0.257563912863888 -0.0220332184851974 3.29504752110918 0.96688545919342 -0.193641306658864 0.0814181876949119 0.435056846949411 0.248589801722323 0.949358294671811 -0.31705821409093 -1.26867666459081 -0.822871759150749 -0.253200377209134 2.94084490768581 0.0651447908481996 -0.694969811767568 0.335331419012999 0.745058350656422 2.33747843281406 -0.877655870125202 -0.0665398045409156 1.04293645369914 -0.37731817798719 -0.16488589302876 0.178819700541809 2.6494282130285 -1.32371121347263 -0.881483633722186 
