 lhe rhe LE MiPf LLPf RLPf LMPf RMPf LDFr RDFr LMFr RMFr LLFr RLFr LMCe RMCe LDCe RDCe MiCe MiPa LLTe RLTe LDPa RDPa LLOc RLOc LMOc RMOc MiOc A2 
F00 -0.13899896039526 -0.0267002506848286 0.228178574674683 -0.189678249063965 -0.0499568465350648 -0.0403651626590523 0.0661235042913675 0.14155740422425 0.0393790396076078 0.00233966645337189 -0.0317757173048254 -0.0351831242090134 0.00792928865190805 0.00525673049618591 -0.00493845492363071 -0.0175863387833934 0.00507921306145491 0.0132730008454124 0.00773782461729456 0.0213059988742332 -0.00248650239442326 0.00658790112373047 -0.00680642407728645 -0.0120754108600016 0.000369507664625336 -0.00442098007918552 -0.00808662234858766 -0.00522408583798133 0.0153535676382121 0.0073522689181822 
F01 0.0362029047167901 0.0337119229056167 0.00785851217512553 0.000441133422707337 0.00328590076759895 0.0195454510620618 0.0971752783834205 -0.685901092424691 0.0313548289806733 -0.15948374686939 -0.682898684313045 2.24230443657523 -0.0194285194960646 -0.00349371534742977 0.0295378317208909 -0.741033546821198 0.225007021218911 -0.125905779964251 -0.346920675834444 0.0387578580120514 -0.0265359562581648 -0.0197426462868994 0.0106540271754998 0.293177678172752 -0.0673499323589703 -0.0688595072103022 0.0485713098553221 -0.0158214028849911 0.0334987911539048 -0.0953334027800044 
F02 0.0149329120460794 -0.0564396876004196 0.0432319783715307 0.0281065893232369 -0.00388942622690464 0.0156129596620939 0.0876915488932333 -0.112338720907366 -0.01254711593211 0.0353728514703352 0.0471653225553563 -0.046836256673763 -0.00225992909377733 0.00421763516563068 -0.190641413445061 0.041060893273691 -0.0793333283160344 0.130589624740729 0.0446932324377161 -0.0188079081586401 0.0094161818770278 0.0779716733822312 0.369730355502175 -0.449239559787202 -0.0970028125627984 0.11435887274003 -0.0277919106046257 0.170316827981219 -0.104494929895573 0.578364451038892 
F03 0.0301760496760675 0.0210831294442815 0.0172343905458809 -0.0389969268648958 0.00868335003512369 0.00327786746852413 -0.0141489178705157 0.0444591644592698 0.0344545428594943 -0.00698127706101906 -0.0262928985363859 -0.00577984427641453 -0.000428698056936611 0.000442699061624113 0.224088704417354 -0.0446102144537178 0.020372645464201 -0.0134060410640939 -0.0575385475924895 0.0785422134933094 0.036194071074636 -0.00445762487649439 -0.381321049311931 0.113399695273566 0.381744040018244 -0.192418532686927 -0.239655494307077 0.00372734788036806 0.266347163952308 -0.0600118493025469 
F04 0.0134551793195902 0.0106610554888777 -0.00030955852049204 -0.00204346962412435 -0.00139854217660617 0.00633657776042479 -0.00287954379849589 -0.0997996869718387 -0.00217361692138433 0.0360866683538643 0.133362652704266 0.206427789099922 -0.00350991915209614 -0.000371651360857163 -0.365585978837778 -0.427566161890498 0.0889939652230115 -0.00496733488204345 -0.652027672607742 1.49782353989891 0.0136164337949463 -0.00447156374324076 -0.0116495823700455 0.107657739606349 0.0325715136349795 0.0516632335421095 -0.17926907889769 -0.370058707249703 -0.0218819529690434 -0.0258771408433792 
F05 -0.0323432202692999 -0.00179744333601469 -0.00693809578654036 0.00240015326213011 -0.0167160798117242 0.001201882102467 -0.0252700846257818 0.004797862107335 -0.0520585625260545 0.00328678029030822 0.046751242386123 -0.0111435350825822 0.1904632337425 -0.0031213452227678 -0.0459518978677275 0.0250353450141017 0.0168057065007588 -0.0170349764491955 -0.0110647573356391 0.0162620689768557 -0.0958752842026288 -0.00466885045493298 -0.00114783895887523 0.0036136995364389 0.0222386129342197 0.0110908991824787 0.020031713123699 -0.0220094908058217 -0.00712938613640635 0.0120901870301806 
F06 0.0204619420939017 0.0237197428169289 0.012207554477227 -0.040974668898645 0.00782301907024245 -0.000406593043151676 -0.0119215604311894 0.076953925510351 0.0225298309738588 -0.014938822617732 -0.0138464686525316 -0.0309298927790576 -0.00506445019438285 0.00108185967999748 -0.0472088087251184 0.036501526838955 0.0250929557411217 -0.0112679426230194 -0.0050278727295682 0.0708720054798766 -0.00312369486737694 -0.0200586091355265 0.0350167292372099 -0.0307191846741257 -0.179000351706998 0.27637513803 0.0480844672569201 -0.31886970593448 0.295606776336342 -0.169145428653863 
F07 0.0186720838217918 0.0106513561393347 0.00193149871450828 -0.0380323021749567 -0.00245810137006525 -0.00481747527733169 0.0557067882997762 0.233111786579714 -0.100852402202684 0.0478363606368429 0.00802842308101109 -0.875719164470625 -0.00138515234400122 -0.0032017214227184 -0.391023932393282 0.0293805960037061 0.0686275116137409 0.0395308303616238 1.25062605778436 -0.6262067047496 -0.0398602779598606 -0.0224011789038401 0.335022037234562 0.102087926277514 -0.0709620380474873 -0.0281938072589653 0.0563352663285568 0.0192776507395002 0.00508018505994285 -0.0395594617671992 
F08 0.0188117733812773 0.00802212384750162 0.00280702751234469 -0.00813367469662809 0.000765655875005594 0.00401170195627871 -0.0200981400666165 0.0208373229580441 0.00946618695932225 -0.0304873616343609 -0.0080802273842835 0.0551671672865236 0.00532489567065502 -0.00142052085982705 0.0301903243842311 -0.0962283461515463 -0.115120051274022 0.0599297763790514 -0.0134722271757973 -0.11191802195063 -0.0141066632297874 0.0115885337492375 0.357535828353277 -0.29966981018089 0.0414045849067238 -0.111419309057359 -0.62973358909301 0.978744913772786 -0.08740945849014 -0.0347334635410309 
F09 0.00580406485224674 0.00650503749695445 -0.00468789130066102 -0.01251007107497 0.00207532593942103 0.00897944598318929 0.0623559231687535 -0.0385566162592974 0.00508825026449465 -0.0801217345066962 -0.0144570723684871 -0.193817295318331 0.00524704818118058 -0.00267053770488757 0.0786157035696681 1.05692542106325 -0.0644862018968018 -0.0794818801019223 -0.172267295638536 -0.314361986265637 0.0184665835290557 -0.000996473161199127 -0.0146223338068735 -0.217081867959977 0.00554477085829304 0.0197972199023304 0.0422860791809652 -0.0648154713514167 -0.0173754138763853 -0.0181171727138008 
F10 0.294673310981345 0.152384218866828 0.00907648061682062 -0.0765148063655692 -0.0361680560640987 0.00781217415103163 -0.00459207215050644 -0.0199653539233497 -0.216483428669775 -0.0218695200556427 0.20086678142764 -0.0236644557372671 0.00965160385859398 -0.0131338076116773 -0.0526638241596381 0.0716383098026954 0.0600935782144751 0.0221580381173682 -0.0916129707170931 0.0348814917341926 -0.0450681614261696 -0.0220002354997359 0.0262674244534281 -0.0624860367150344 0.0216005062949762 0.0419053561873968 0.00829672254760708 0.0115705097801433 -0.0622423653752207 -0.117648963922394 
F11 -0.00438342145605888 0.00186274470888199 0.000466906069370881 0.00148319116565863 -0.00152446463086277 0.00101489217819878 0.00445270591366628 -0.0216540392112062 -0.012628066433796 -0.0104720869117142 0.0733536356802394 0.0685456868530141 4.72755132315956e-05 -0.000431422811035296 -0.695511500755705 0.0373232734916345 -0.0211706520711126 0.013015107638323 0.0587692514766005 0.0334403024437376 -0.0744028184402219 0.0126631819094175 0.852480427790734 -0.141991593219037 -0.108452238545574 0.0181398039553009 -0.130445338252877 0.0474787566949631 0.00854366841043725 -0.0129281119407912 
F12 0.00902315986563902 0.0114010473965513 0.00477230241222574 -0.0230804387343273 0.00983418940006338 0.000539648435295894 0.0271907365137213 0.0160059327952463 0.0238971925435174 0.00997014598834384 -0.0276187507751447 -0.128306438796076 -0.00880432681771663 -0.000399120795321644 0.024003988842176 0.136840367802387 0.149550266422524 -0.0320343860504332 0.0903544143513072 -0.243593517579004 0.054299937965549 -0.0098926156354885 -0.549574464377688 0.134121340377353 -0.103585589798473 0.00308946560429191 0.863729965595729 -0.349985994553672 -0.0226345128664716 -0.0332953035291872 
F13 0.0318955728759637 0.0026172000937556 -0.00328200893586371 -0.128707451928426 -0.00448395589199288 -0.0773580311838106 -0.629491651362052 1.36598423873577 0.244711912176167 -0.26099454688793 0.0648431805767353 -0.82242391136663 -0.00446948649144893 -0.005217446395522 -0.0129006176592959 0.382811572277918 -0.105923799398894 0.0905640773991876 0.127559416967645 -0.124009024135963 -0.000364566056539288 -0.00727843136526181 0.0945977914095687 -0.17694519880164 -0.00317248737292149 0.0379251015883098 0.00398082677606634 0.0354563517997935 -0.0550113565204347 -0.0336396701259383 
F14 -0.015745037914805 -0.0374169967122088 0.00414061515507189 0.0218275212890086 -0.00925894216333339 -0.0182043421346657 0.0440379344475981 -0.0984719931985302 -0.0240389341967353 0.0485713946218698 0.032673583719377 -0.0177725765773846 0.00128606128033517 0.149536425967719 -0.0220015435303112 -0.194081805954422 -0.0143180859536851 0.187149345375369 0.0214778757487365 0.0731739773467492 0.00525640716692768 -0.126113270038415 0.032796171700097 -0.0542165188729936 0.00210606823600965 0.0358806278585234 -0.026190515822567 0.0310389039749713 -0.0128504554741618 -0.0248390709048735 
F15 -0.200018233346409 0.165697292853414 0.0389552783722554 -0.0062729027899476 0.0249610528573379 -0.0138774614039747 0.0442430222724695 -0.025396934241657 0.0151636392362525 -0.00287704736808675 -0.0472348369632904 0.00157337872542843 -0.00125639440168511 -0.00856671605482566 0.01010453135793 -0.00327668889922987 0.013108980461659 0.00377090952197887 0.0205377842094516 -0.0102996681437364 0.028052893073863 -0.0186618129821456 -0.0167663863388978 -0.000519662179752074 -0.00308991703183205 0.00631949317928418 0.00162231828677092 0.0089807093805933 -0.00654683817395931 -0.0468517948643476 
F16 -0.0385068179638572 0.0118646631347 0.00373565789739191 -0.0685822019571321 0.0777996352384705 -0.00043834270390634 -0.206369192181962 0.0331788252791589 0.705055551658726 -0.021089127912095 -0.39319212435042 0.0300056084017097 -0.0344345829058014 -0.00282744947604219 0.0651701328168645 0.0488134976664251 -0.253216230001687 0.0264452208839528 0.117777203252176 -0.0443258727638593 0.00584313236584212 0.00528693611057777 0.0914434202039401 -0.109494063164352 -0.0026724567870678 0.0177487430963156 -0.0734913365582739 0.0670938593301774 -0.0145093372430448 -0.0143033284648053 
F17 0.0068926092470563 0.00187209039482152 -0.00560128466693473 0.00974990800235528 -0.0148018501061438 -0.000109351488480941 0.025221433958995 -0.0173525481603773 -0.304887316506113 0.0191518749194715 0.174238124303096 -0.0696033981574129 -0.0299829373934808 -0.000602704345372463 0.0719304929380744 0.0457651343118695 0.584107418414722 -0.0136744252703842 -0.159708800490868 0.0230655243991791 -0.0319246916019029 -0.00271901203797176 -0.359671851651984 0.0235850548201877 0.018745774846563 0.000894712326747372 0.0637407465102061 -0.0255616994940062 -0.00739358151186176 -0.000254067073619219 
F18 0.00123419134699712 0.00304319107192646 0.00692003747028549 -0.00247214623507562 0.003634339721518 0.00271921463524753 0.0633223464816718 -0.0659674963149009 0.0920425754879403 -0.00496736721725976 -0.173900337010272 0.0887595450662644 0.0318869938263865 -0.000195148254281767 0.859610184929362 0.0590606888528487 -0.59271967021175 -0.00135471860851364 -0.0956944029000294 -0.408700478583525 0.0309067198243356 0.00117989025915161 0.142536803964468 -0.00320800970957486 -0.027824846952234 -0.00566453682990304 -0.0549586151486383 0.0588833462745182 -0.00308154644583115 -0.0109294023207361 
F19 0.0119301055103038 0.00164049483475169 0.00013570029662985 0.0269466624688587 -0.0147834655676721 -0.00239094865018213 -0.244788916568763 0.11821680374297 -0.141771821854625 0.0504298793037286 1.0958196702033 -0.587928730236563 0.00963112750861631 -0.000436208020021019 -0.433571356530999 0.277502231058698 -0.112257183649965 -0.0107537097590839 -0.2522415870282 0.0825008381322315 -0.0202008278214681 -0.000718785164076492 0.274997614874713 -0.0428529106531206 -0.0249879099139181 -0.00315675525530582 -0.0434291885875701 -0.0144246261280955 0.0113588266787232 -0.0154763623591821 
F20 -0.0266909867566097 -0.000131710974576468 0.0223823768714973 -0.115968258440065 0.01714389262664 0.0147955350272843 0.930734603348427 -0.325203084583823 -0.504666601827615 0.0684675968317991 -0.208659175077067 -0.103780476343432 0.0110821902280933 0.001008241195505 0.0225693011609913 0.0321820938875641 0.224855884825723 -0.020602731096223 0.0678805584605434 -0.0185426233032866 -0.00677245529902172 -0.00396801893316602 -0.0928139035916427 0.0505546555848608 0.014166504532503 0.000535453645254661 0.0249010676565572 -0.018804577822097 -0.0264447031057249 -0.019338599072292 
F21 0.0126177137102883 0.00878945951533831 -0.00152383965983362 -0.00954536392304598 0.0015104321490529 0.00191188915249186 -0.0230875559020382 -0.0411406010962302 0.0328825842189885 0.0510776663109797 -0.056944820570132 0.156627261157449 -0.000266770372033794 0.00512399173834395 0.00481414480434173 -0.41461975736292 -0.0182335972062477 -0.118733636542209 0.0320275655187476 0.0474514260391251 0.00421620796896034 -0.0456109276070226 0.0258295779529506 0.724377964192697 -0.0605472625837473 -0.159033129465711 0.0548947574533925 -0.287178560090167 0.112980188186452 -0.0192650108941146 
F22 -0.00982821625051223 -0.0229974416443498 0.00585615382811426 0.0162930689914047 -0.00254317428637999 -0.00393876464197693 0.023598343721524 -0.0705043764191276 -0.029129335752123 0.041117415538263 0.0495776331178898 -0.0311624149587938 0.00246714886857187 0.0306047300447623 -0.0173974640935997 -0.00598848088730164 -0.019389316341153 0.0414861911055091 0.0039651026568427 0.0098173609727879 -0.0150151403305715 0.244365008725714 0.0587143118063074 -0.227878506406238 0.00873466060169618 -0.0403253121616295 -0.0567329145861467 0.126347128434147 -0.0114249697880343 -0.116095657859741 
F23 -0.162741743700375 -0.0783486729865719 0.145223582599466 0.307025606458957 -0.0204404320477148 -0.0183603429386755 -0.16671637307994 -0.13856582560886 0.101086399165644 0.0069699512065645 -0.0422513637381818 0.11768574032429 0.000775996437450482 0.00347142733630652 0.0132455255916211 -0.0384553863697116 -0.00789478603395001 -0.0194501549929754 -0.013920107728001 0.00435763620795117 0.00456478790747217 -0.000468265152194767 -0.00408684689610521 0.0607680515901078 -2.13516466955203e-05 -0.00991228662730527 0.00458167702244958 -0.0149256317874378 -0.010683214330493 -0.0176380937166507 
F24 0.00130869923486281 -0.00226191086963379 -0.00225333629087712 0.0059443394104937 -0.00294987373514663 -0.000776014613135771 0.0175613279976189 0.0109573768684735 -0.021112964441526 -0.00287986450125276 0.0260634118719503 -0.0517665460096888 0.00232091597698756 -0.00123990360717399 -0.0492447065340959 0.0600696720162462 -0.0387229645752148 0.00263091328584252 -0.026346332415726 0.0528150630903687 -0.0173436969849726 0.00314961159538515 0.190431777379908 0.00253771505879879 -0.14891415462827 -0.143328603125296 -0.163406636726577 -0.0768271937141794 0.377750151729397 0.00627492457003239 
F25 -0.00734263336694768 0.00364075795906785 0.00173710559650191 0.00541644371657975 -0.00870229486244375 -0.00205498508722849 -0.038655210792621 0.0268794625421143 -0.0102554151414489 -0.000493128665387016 0.0409092178374424 -0.0238315970253005 0.0194349362812428 -0.000316302404695871 0.121740639558034 0.0173900550725252 -0.0850886001987845 -0.00753856977074071 -0.0212136532082059 -0.0315464678133988 0.240380579243447 -0.00169802184141439 -0.141906256533385 0.00716607419600674 -0.0781838502594364 -0.00202273899701654 0.0497391782404045 0.00381511184187413 -0.00287322162560199 -0.0124893117066422 
F26 -0.00556012630003182 0.00404785717036821 0.00581125699557415 0.0115633382794949 0.00115523372892631 -0.00555032639358965 0.0039250042367096 -0.0182082003317065 -0.00293031075679712 0.00368815358250044 0.00914512036883795 0.0144707508384455 0.00182739865409253 -0.0730251723037803 -0.0167566795085801 -0.245059944648264 -0.0145270922958026 0.284772215775162 0.0277826744653083 0.0765615987725235 0.000874755564723445 -0.0413418042603407 0.0233230582147062 -0.0663652758233277 0.0036829660882589 0.0129484520926816 -0.0242404819801665 0.0368059703520533 -0.00867199421231066 -0.00269218030148456 
F27 -0.00133882098866406 -0.00800851786695672 0.00280521071632581 0.00996089287191805 -0.00339001668413437 -0.0019075330117834 0.109000109579607 -0.210681879295244 -0.107048135302364 0.400170147306814 0.10593290859865 -0.216858646259774 0.00343468581098167 -0.0256103317045658 -0.0373854683545807 0.0594570049539995 0.0434047916663648 -0.174980042335481 0.0317505574953125 -0.00416478250372469 0.00168204207416841 -0.00591090798352391 -0.0100104438488854 0.0521116377925956 -0.00407231449232885 -0.0010803473785617 0.00787011902059362 -0.0219232736026722 0.00558109012441463 -0.000900539033583138 
F28 -0.0208844516323863 -0.0528174877791188 0.021087646967505 -0.101222550157271 0.00510918288817932 0.198283956407536 0.0499133197821982 -0.0158042639460661 0.00407774016491867 -0.129274191321893 -0.0502536054804128 0.0662042062625362 0.000480118074543737 -0.00677631007402354 0.0191510109204956 -0.000406774713663019 0.00356599821314841 0.0315796800723289 -0.0034111189464444 -0.00520460226671493 0.00353776024272523 -0.00893046390631902 -0.00832994790246687 -0.00950320840194898 0.000441538282892992 0.00318073692159801 -0.00260599286042938 0.00242636446084302 0.000876092936487119 0.00160408129148386 
F29 -0.0742614632046385 -0.00311669557653348 0.021589625949174 -0.0643376734248527 0.174597702549835 -0.0087091670405056 -0.0499170132836946 0.0649960598323865 -0.112329947965841 -0.00286058601535533 0.0863190593661985 -0.0426327801277761 -0.000368527619095446 0.00112838227623079 -0.00514705971013337 0.0190023097247312 0.0187369774780316 -0.00236854223428422 -0.0194266710173412 0.00308933813240563 -0.00205639627311423 -0.000216189357075132 -0.00378770751364878 0.000322311451105707 -0.000261903658125454 -0.000747327931484025 0.000103401745575991 -0.00492663882838018 0.0026910224808665 0.00305810250505483 
