 F00 F01 F02 F03 F04 F05 F06 F07 F08 F09 F10 F11 F12 F13 F14 F15 F16 F17 F18 F19 F20 F21 F22 F23 F24 F25 F26 F27 F28 F29 
lhe -0.699154700311767 0.422539461629824 0.693314720625278 0.410242927134208 0.0811396464481397 0.0884793818753057 0.140913702120077 0.198867207379774 0.100353164616593 -0.109924695749006 2.35247350258629 -0.402703419925045 0.177884510174374 0.609345305180545 0.0890898370304461 -1.90225021738853 1.33170501115619 0.0836973066481374 -0.0107182887408885 0.338861344371114 1.02702363912748 0.453471187775807 0.0843522944859526 1.00214597578898 0.278818258627214 0.565242336738869 -0.105333266511688 0.27069177453726 -0.18880487690192 0.0603806140669495 
rhe -1.24628140714527 0.450844083396755 1.1899084879772 0.361892164251504 0.0629804484514378 0.109205998654517 0.133070175480379 0.104256799976487 0.066027758340429 0.114677112222573 2.13536714483871 -0.851537321858471 0.100377200135571 0.777710304787451 0.28491269969543 4.34344149769927 0.506871159631595 -0.26641971090313 -0.151613002566498 0.323991296254704 0.391095894700127 0.91356986219112 0.582217924119366 0.25732012899587 0.351122689474536 -0.367438570374442 -0.303886837345261 0.483456850247402 0.114933734164835 -0.738275562504299 
LE 1.93001290899437 0.32540943054097 0.845026065635588 0.366547008903024 0.0110510911084622 -0.114874666364944 0.138549335423809 0.151089218327994 0.105356449061423 -0.0890388195396074 2.6134622908294 -0.52280831978262 0.177962805270027 0.527562104093612 0.0592660534422865 -0.345418925001507 0.959225490405533 -0.188293273707479 -0.0603874855585386 0.323720843845854 0.964360266406615 0.425822561106621 0.0997722175778121 3.036826250683 0.337141533452365 0.264568727037109 -0.181511445980334 0.440435371482019 0.640813961685313 0.978935160472327 
MiPf -2.64816365626235 1.09726664841194 0.979636492486588 0.511488978550642 0.320508743682522 0.162590126175296 0.27552110656987 0.402578835244626 0.133806033555501 -0.0473942233158562 0.57438596059011 -1.02597902458503 0.22795934192191 1.7464076535411 0.34627201910471 0.644166559811321 0.861400526397917 -0.190795909708379 0.170489005679611 1.26440456719114 2.03816687087434 0.127762320379688 0.409942910696477 3.25360186190881 0.355684207396084 -0.167901578003144 0.184533818525305 0.886612896419098 0.154765044243456 -0.80398432226672 
LLPf -1.89321709090552 0.881518568955055 0.804971880599205 0.545717178699576 0.301710242403079 0.396306299260882 0.24848922087407 0.391285826113445 0.167357911897296 -0.088866713660527 0.92458842075972 -0.58110255013968 0.341849883669759 0.988069303255885 0.209758821532934 -0.477733525125221 2.29656027619797 0.261251000041259 0.217220687015465 1.04039779298324 1.90521740525613 0.318825784897509 0.250766338881858 1.62692210213416 0.14594909808049 0.275447798151045 0.121910180650647 0.471598906334859 0.028430865035227 4.57739536888425 
RLPf -2.13391401549976 1.0219641773643 1.1389515470032 0.479476785029279 0.279836801551464 0.121373780484537 0.295412261784983 0.307165853607926 0.182114402279752 0.275349911225631 0.802196295337387 -1.05546816421835 0.220264240513522 1.72677212294869 0.863942094093121 1.68873685622238 0.458684107508494 -0.285266284832488 0.0110538116612263 0.875176787909548 0.906739111083767 0.755280538414467 1.04566988920134 1.48775985682606 0.144928140167415 -0.410530238685614 0.264310912209984 2.6440658133537 5.32515550676895 -0.819220329637285 
LMPf -1.22607082831027 1.55268106678265 0.922975960771781 0.61966143465932 0.625656858604886 0.261037529447394 0.360578770712419 0.758666541873729 0.271157476322913 0.0948584639476477 -0.284336677118208 -1.11121038005935 0.407996821285853 1.64725011727018 0.306817000100704 0.275187655573887 1.70579008294989 0.216032824581397 0.607858854032098 2.1431100697543 2.88410870646305 0.0635756139115427 0.346050118216336 1.04353129736912 0.0397626129566701 -0.131811850704717 0.256016777193794 0.719984338963821 0.0788631225024279 -1.16584905936895 
RMPf -1.21995805521884 1.70730431048589 1.00614171410166 0.589372589861766 0.583921938541973 0.159327118968621 0.40185238419742 0.671309558909119 0.297070709308837 0.335278750378791 -0.274398005481735 -1.24346825344791 0.299486095748818 2.44853661973255 0.554750156028993 0.582455650877715 0.586315159192634 -0.154045181164222 0.348608986974476 1.51193614923812 1.77798014872915 0.308109865664234 0.625136033127076 0.963458803349895 -0.0118133369035562 -0.308339280925504 0.479376317240947 1.64129694747135 0.511291979382283 -0.668274918446141 
LDFr -0.842841690724514 1.2533837933141 0.818501436778663 0.710373700297369 0.701774531541882 0.621850196581317 0.366163698702516 0.845650552185437 0.335114580548814 0.126203443947615 -0.321604405410814 -0.581857039988419 0.548969632863843 1.07368973811655 0.229789214822817 0.0544903720805237 2.83288167475103 1.35872866775358 0.785122733805426 1.9994436818645 1.62362094601819 0.264896143613261 0.247273964817149 0.784659815852168 -0.201140512051162 0.170339171522498 0.177802992831478 0.442944843075108 -0.00529893651403197 -1.34256217677764 
RDFr -0.877147294488477 1.51260364656279 1.1228191526796 0.575221799124706 0.563769385397161 0.128858313907933 0.506237949468042 0.589982844524749 0.430745379332847 1.15809200734802 -0.265174659447116 -1.11406759340192 0.356657278051426 1.81688502722164 1.32047672605703 0.721903577062759 0.348730500214027 -0.11663495492212 0.236007605104069 0.855843281322708 0.670332684456748 0.913531039792917 1.28903370654354 0.38763046811392 -0.294567163553242 -0.46918363657039 1.62161136444191 3.83649590856556 0.47244048217876 -0.453201522410333 
LMFr -0.711273460518695 1.73033795650282 0.905104538160371 0.724172081804295 1.12776717954071 0.277954493688255 0.445333427831512 1.55326569191948 0.502307017691401 0.457692350042081 -0.635126038844793 -1.23632128116586 0.578237366568741 1.0546937074754 0.273040876141661 0.206992663399236 1.1446230648021 1.03152110589562 1.22825300750224 2.62848859565026 1.17796707845277 -0.135160627984245 0.334273669809837 0.442381131229372 -0.278197261303136 -0.127652770070119 0.301979117191247 0.521009928091056 0.0127526606019072 -0.671723224282077 
RMFr -0.723915251651265 2.00393825917826 0.996600372519008 0.654460660580671 1.03299516419088 0.159717807119494 0.522977282829233 1.31369027103918 0.566370423614154 1.16583481285352 -0.631320515554747 -1.30286799616882 0.475096156201571 1.38054844892814 0.535812032489725 0.388114157388035 0.270778004093068 0.0674340136376465 0.658585588400642 1.50096349780661 0.79042921366677 0.164046676745093 0.613101411229548 0.381126205785069 -0.326680878139808 -0.380358211806964 0.722103271757138 1.16813819222378 0.148782737122712 -0.45140673661136 
LLFr -0.586434278722289 0.559014632477564 0.563434990057093 0.677786649227518 0.353059839924017 5.33687136687819 0.203222696753037 0.440558055436937 0.232144754390909 0.0446355500043644 0.456840188166078 0.289926509331868 0.22930405959105 0.602758315071926 0.256414728028516 -0.373607101590505 1.55603666572082 0.92792730399349 0.545902069451403 0.532798219131611 1.10326097096514 0.399909903043136 0.33541916284899 0.696644119002975 -0.0881263125018298 2.37241202330957 0.239133281602137 0.159163076939538 -0.0369465037620813 -0.0103443920522078 
RLFr -0.74274224929732 0.639791129778296 1.28647957685444 0.446883891459801 0.222383278917367 0.145767748317472 0.415234711876808 0.268107697892953 0.267253657925102 0.808903771935938 0.4102363242724 -0.939724526447175 0.221259149343744 1.01221877638712 4.801016182923 1.20547091786043 0.185756512517035 -0.058712943944262 -0.158816351662393 0.337164848720838 0.341281177005764 1.58767734809302 2.19328098186308 0.17383022681463 -0.228474387326574 -0.374882179731443 -3.21676314004612 0.0329850222529701 0.468188288050449 -0.120599983113135 
LMCe -0.505871808276331 1.12645822522713 0.858464407632397 0.948348043270297 1.77782848818863 0.258463168383794 0.566948306693698 1.74583849573618 0.955189563474045 0.776682636211952 -0.770488497610193 -0.142853322265938 1.11287595914874 0.708200885159599 0.183247970324548 0.139668030881562 0.659870117527226 2.3068767392079 2.62916739555199 0.958452043269142 0.298277061918821 0.064711970152891 0.224580526662246 0.253163330601099 -0.478256033104621 -0.212392422081765 0.211930357707247 0.356592428503322 -0.0675182692200266 -0.4649865772013 
RMCe -0.505521700294505 1.21286122024421 1.03381814221614 0.726252417325405 1.46693067897625 0.128010827994174 0.858283057767355 1.45901787838815 1.27934096612529 2.49513129848418 -0.774713661416443 -0.915723287961932 0.962134446877195 0.845430854189456 0.477612026442087 0.326956536380108 -0.0965147030002139 0.409373763315921 0.750682249270091 0.811218230487442 0.167753949351277 0.972552712938276 0.654861512478069 0.183172330097511 -0.671681300621281 -0.616252755787646 0.89572708674016 0.771092682235782 -0.0193846208183461 -0.327688541387965 
LDCe -0.54660633100041 0.890787276890619 0.745762835596811 0.954024256669472 1.00307299602533 0.629845027359123 0.437057394049752 1.13768397684953 0.557370171475267 0.40046388432431 -0.438266020709532 0.78654501505968 0.695859228224412 0.69170977552268 0.173526923521967 0.00949952553147304 1.52557135239204 3.26341319071514 1.32191165256964 0.791216860965342 0.689619168281845 0.31422676166544 0.187410020564308 0.447664208638037 -0.513290068168453 0.576644851853662 0.187898275884248 0.259625660042144 -0.0397792514045554 -0.597844427634246 
RDCe -0.562159826752455 0.840177786321221 1.20262975672589 0.592372145484904 0.680082432768086 0.109931971592871 0.878798766424961 0.720443889399225 0.859020465948769 2.31016773815773 -0.435105344990327 -0.897141952584704 0.581324105904966 0.899795167784966 1.50005363074225 0.552433607171297 -0.0848530996515519 0.280246816931342 0.167822901641118 0.517465987132528 0.182374131167693 2.04000990140041 1.725694321076 0.0154225503198703 -0.796745730853773 -0.568161565473792 3.57893038858217 0.477597480020047 0.209671347708458 -0.299893040001764 
MiCe -0.521044878336797 1.63808474552377 0.93602481499754 0.757646508777087 1.8050073412983 0.171183407071145 0.573992025079326 2.56875457095893 0.912983391829605 1.20479254940559 -0.839334838461241 -1.37164698021769 0.832987116924757 0.765608809817388 0.263737788265279 0.248314804701899 0.197804167499404 0.513649657332692 1.23020974051511 1.19890579586412 0.252296574080631 -0.201483708076704 0.381519302936268 0.2227687889366 -0.355592573038639 -0.415789683676928 0.31063886373185 0.580994149862034 -0.0425113621669383 -0.38473118124871 
MiPa -0.431667191452926 1.08762950983022 0.945974814512384 0.884032340516962 2.467559881961 0.143473317064367 0.781830189839758 1.90827264949223 1.62272330007021 1.43716144122175 -0.941845627167926 -0.598711686412338 1.59573498023397 0.601299210668404 0.204421558370355 0.218597413628851 -0.131707108687827 0.794725669342419 1.5152607207951 0.672223959237717 -0.00612827137931712 0.261989848882132 0.299778112932916 0.122981632139146 -0.502518910334481 -0.636390578686509 0.334992718298008 0.395006603995919 -0.116232412565278 -0.323730271246499 
LLTe -0.343165716541729 0.258997095587317 0.557412242503317 1.48700078113349 0.584855085629968 -0.168151219614639 0.409730839419689 0.536628421651363 0.271830254807773 0.318280475565526 -0.421803183709612 1.69590416476167 0.429467389873767 0.173423281144936 0.0554972885383592 -0.0969780826284077 0.496583042874662 1.33947918375056 0.755328739881288 0.102279930954547 0.287064685610818 0.317589717729184 0.00854405810940647 0.105619712512077 -1.1651592101654 4.27756686360492 0.156059801655586 0.00982303841190996 -0.101416865563778 -0.204872187091539 
RLTe -0.37091304645265 0.236662224438694 1.40940788595875 0.530312417820993 0.346316832205324 0.0760830595402441 1.30281928241447 0.279604972090376 0.58976925714278 1.15784747349161 -0.43602154080247 -0.646827451515689 0.260928153154527 0.365346637974229 -0.738428607739535 0.509000691818183 -0.295205860980899 0.0927018402449683 -0.0829843341371836 0.112659894924716 -0.00494157482444293 2.36639282262827 4.00217638815869 -0.177388365664543 -1.39828217464908 -0.326335700798434 0.451762084898182 -0.27498675897421 -0.122440143328378 -0.255924387170054 
LDPa -0.428305730971851 0.660004859645599 0.805378069515005 1.35828760885106 1.50385603365958 0.196778109230991 0.63388621121754 1.29259411291355 0.979074978725211 0.688441635022872 -0.766589938582154 1.90350183913605 1.35369386513884 0.471782521089211 0.115820260108618 0.0672346678253876 0.40349108739322 2.19758302008547 2.40216409694492 0.487059890493779 0.101017071310695 0.471175677833786 0.0997431143515211 0.16004015 -1.01170835830847 0.118239863984761 0.201502606996579 0.173544496259065 -0.122180932405774 -0.387801877813563 
RDPa -0.407966808037661 0.514553366170487 1.11948090908879 0.76370647982362 1.00606448807617 0.095883650422043 1.59956457195023 0.862157087273751 1.81320720867691 2.0767677425238 -0.866308654619408 -0.57305199205447 1.00499464653914 0.423928365977536 0.266671276655792 0.287254732102222 -0.455082486651139 0.311669771119814 0.413585704569259 0.452371440629698 0.00804624184719241 2.96006382143676 0.790284703957561 0.0306722160898845 -1.80073838130125 -0.720415889077566 1.08294756821121 0.0777084284426349 -0.137402428521221 -0.291855096964615 
LLOc -0.309217180263495 0.130719750212682 0.647705763060711 3.07932556368029 0.809612559994476 0.0518586825350244 0.781134372170771 0.621460486440879 0.605030805199761 0.499201033736746 -0.908819503744498 1.99618111001963 1.20223351301745 0.0112679718507889 -0.00973354920969069 0.0633334591848298 -0.510544935335089 0.823888341020991 1.39169979223565 0.0506855093944129 -0.290708433527161 0.112806645277214 -0.0832778309412046 -0.0882752121318077 -2.57021213652933 -0.475131073854021 0.144250317554438 -0.0451768389846478 -0.223633420744123 -0.274576093096667 
RLOc -0.311146879518907 0.0237920028815122 1.22562893046218 0.844631508587687 0.487601081586185 0.0780247785727094 3.56963419479511 0.352122848860031 1.56943209280272 1.08184970524435 -0.966324954138526 -0.128197839660623 0.550335671672112 -0.112477286590138 -0.0643534812703926 0.184873507235756 -0.809679526915266 0.0611736210166205 0.287511248081191 0.0531921402888901 -0.335953199199717 1.40461796369646 0.176242653217873 -0.186022475361034 -3.20529525100065 -0.67779535414033 0.357977492261695 -0.140426053924746 -0.285887200183105 -0.251098494069852 
LMOc -0.349978239144394 0.573372034037639 0.874995849776827 1.44571632874905 1.63630852327009 0.117489425939898 0.925563189349686 1.13956682453907 1.77276985268654 0.7593664830026 -1.01523822138447 1.16711798802912 3.06147005607282 0.281627394346308 0.07742027664371 0.139205506802514 -0.451460241495783 1.02491303249694 1.90550830675729 0.32865964306561 -0.276144035318412 0.313117756590476 0.0740171636539975 -0.0246144497235669 -1.07816487138037 -0.68743421974126 0.215276837609947 0.126223884453389 -0.185342274398341 -0.309531411314638 
RMOc -0.336979747208864 0.50632611773684 1.01405110552523 1.01591844267883 1.32984434274759 0.0985887446622485 1.53852305416931 0.96631084082116 2.93636420309199 1.30387329360296 -1.04741624024086 -0.141580603864199 2.23126973167892 0.227481545586313 0.08822403670045 0.21373107674307 -0.603520701259545 0.393036689632341 0.821883217664326 0.333202804842016 -0.227910261682374 1.1675733691418 0.220531141823791 -0.0538783306978087 -1.23781721048671 -0.80859345850024 0.366140325610773 0.159897544934586 -0.219880266342309 -0.292983725058594 
MiOc -0.247613667009686 0.195886465371797 0.887201218925153 1.80244139162477 0.677004212419353 0.070432118023151 1.99668126778219 0.519242832668128 1.55124878685591 0.586657710015071 -0.965957380240824 0.505165257496498 1.71494241749635 -0.0824826489734776 -0.0199968495361906 0.141966215952354 -0.682632868038061 0.319327745408008 0.713026178152693 0.0594379624348372 -0.420675470114953 0.548822661403044 0.00383493291423533 -0.178911771982401 0.181094318491528 -0.598985681663217 0.172213010187856 -0.0383613870213313 -0.237823601659574 -0.228544174572978 
A2 -0.0802893289155941 -0.0174903112600153 1.61979066439625 0.260224933487106 -0.00789296795873573 0.068371089188407 -0.0157300153683642 -0.030004244484825 0.0662706137005278 0.254854824306484 -0.212568446164588 -0.611681940313731 -0.0297919406018812 0.0115598417772775 -0.13026844240932 0.395303618546477 -0.306062303537597 -0.0739584774160801 -0.23210493121722 -0.0840261087338924 -0.245792289034365 0.779757713762427 -0.451346426944642 -0.33342605730943 -0.00114911939554997 -0.382093778697158 -0.264637670215407 -0.149844575556645 -0.169835907079679 -0.0225249315395798 
