 lhe rhe LE MiPf LLPf RLPf LMPf RMPf LDFr RDFr LMFr RMFr LLFr RLFr LMCe RMCe LDCe RDCe MiCe MiPa LLTe RLTe LDPa RDPa LLOc RLOc LMOc RMOc MiOc A2 
F00 0.128624541024453 0.0804260925141135 -0.0609477129716919 -0.22327089719183 -0.0234294168065942 0.0122290255483334 0.0805136753125456 0.0273276471850814 -0.399266765904908 0.107611399006595 0.0757114542876864 -0.0784284587479167 0.0290626792992598 -0.0741593769011436 -0.0624531443355215 -0.544947130980706 0.0394891755562621 -0.0345737472082482 1.61319008781106 -1.09565564189802 0.842033949529097 0.347988817887389 -0.619451618276614 0.0976448192738331 -0.074367098076914 0.158819805181469 0.937250421876544 0.0963157364912879 -0.546983980450038 -0.118540453316476 
F01 -0.0536059475071981 0.0307701819597266 -0.0304176311248287 -0.0182802357327991 -0.0120153389913896 0.00901006558704002 -0.135557062195063 0.0337752591078518 -0.0823810698356482 0.0822105136727084 0.0815341862486112 -0.031621820265303 0.0319484302974609 -0.0641487183432703 0.0491011584841201 -0.0451098732690283 0.111751042775975 -0.0481813801471027 -0.00317222555420188 -0.173002881438163 1.26263664747559 -0.152213287796913 -0.790125043248792 0.227630180695094 -0.498250219523853 0.00529367425419329 0.441510121012464 -0.0388082408637666 0.0741037431870678 -0.0329856498775581 
F02 0.0158472940888845 0.00946591478664366 4.37686003886812e-05 -0.024687104217069 0.00222547656703841 0.00223559525487153 0.0151889882805678 0.0200420608067306 0.050079757457465 0.0174049026721063 -0.0885769726724853 -0.0111690793558761 0.0173686529060407 0.00142701781585077 0.0216167455160283 -0.0198460636009153 -0.0263409058335344 -0.0330692123095171 -0.082989538318413 0.296473074133692 0.13316869500856 0.0329809451679725 0.0680939255518004 0.117685287831992 0.183601264619018 -0.290654453381194 -0.640855923069346 -0.0298078929341425 0.484022445257992 0.00148642229761371 
F03 0.00396636642339082 0.00417069287761355 -0.000149576204930105 -0.0131178551027472 0.000775462079687331 0.000812626682939504 -0.00362807460171993 -0.00488240263867017 0.0172908033361859 0.026826275045135 0.016482708842859 -0.0273974632815755 0.00400715107174553 0.00671601625482475 -0.0680305521603767 0.149805194577065 -0.0191278803744842 0.080045233172655 -0.0733926023908489 0.132327518300386 0.0993462687569165 -0.0642151950850551 0.14244899595457 -0.453943864012779 -0.253511903505391 0.442793106834033 -0.058972599699571 -0.0900799902636218 0.119285864058902 -0.0194284469808192 
F04 -0.149920014320831 -0.0286216493522914 0.215402080688189 -0.25255190726173 -0.000179702601998306 0.00596106286626419 0.119352873865039 0.099190808291273 -0.0308512342226391 0.0268028446065089 0.0216740034988118 -0.0294649892718751 0.0226269279530814 0.0136111364177688 -0.0511730256624745 0.0125677960867366 0.0225559678412524 -0.0395457456426622 -0.0198763466120831 0.0240673552030346 -0.00364946718963682 0.0102127058068086 0.0292069193621126 0.023296965573518 -0.0134437598966819 -0.00785661005068627 -0.012130031905038 -0.022526219596252 0.0183001086229914 -0.0090286874827477 
F05 -0.1766608182991 -0.115928439684243 0.279752701803279 0.580071183960148 -0.0163932579519723 -0.0205243159611662 -0.231744149958574 -0.235745615066136 0.0525775961457364 -0.0185293427425006 -0.146161618862807 0.0760881562788575 -0.0159206844715621 -0.0141547939621791 0.0320134833684424 0.00475995041719183 0.066957815964189 0.0267349838910562 0.0604755817397427 -0.0770650068597795 0.100109893529989 0.0144182494398545 -0.113599189709102 -0.004191033397605 -0.00237680090195172 0.0129916873081248 0.0872747965661957 0.0398789474247419 -0.0651199730878619 -0.0392400751334513 
F06 0.00718303870290165 0.009157049561155 0.00104779650645963 -0.00103481708520518 -0.000119557610976395 0.00263554433153248 -0.0168076768242982 -0.0098697121303477 -0.00654718103592784 0.0345633833731668 0.116082002095138 -0.00933223131693186 -0.00115683321323458 0.00294577364968815 -0.055605573991453 -0.00200111211630198 0.0194080874721985 0.00814356051729214 -0.112103759121447 0.216720708639096 -0.0785799478150128 -0.128946552075434 -0.0820678560175142 -0.135413229639677 0.469570623375372 0.369232953139007 -0.199537634288872 0.0250371944917706 -0.465052873952016 0.0149136200470364 
F07 -0.0860109908838129 0.00300224106653349 0.00885847079705657 -0.177519642191879 0.0621957461295772 0.00811778551686135 -0.0158986633649969 -0.04217112169235 0.793981587648562 -0.0790308994608938 -0.106691601393757 -0.0628280091255322 0.0193471576459412 0.0171495283586403 0.00668919575538638 -0.0256575619050247 -0.352073471055185 0.0373330130015359 -0.138556608283743 0.104850821361949 -0.0648340595993825 0.0452429741635754 0.172276051305966 0.0114460719642471 0.0233170291466919 -0.00764163566926689 -0.106115840778566 -2.24962455084704e-05 -0.0149830349604497 -0.00875292090156691 
F08 0.209332206998418 -0.189129248099357 -0.00386889062256056 -0.0571602695974628 -0.00258222368001716 0.00547726058968902 0.0236690690729782 0.0331995512147878 -0.0300800480862461 -0.015650369400228 0.00954667328566898 -0.00318015241215611 -0.0587820583446548 0.0970227498496535 -0.0105263588358689 -0.0295361894587577 0.00599529914226829 -0.0195192669263141 0.0186421002209522 0.0171902578311069 -0.0626679559542236 0.0249130794763917 0.0357235644030764 -0.000547808208992346 0.0234367003357491 -0.0142402198404445 -0.0221231820981498 0.0029978328757163 0.00409366652702819 0.0234847142027442 
F09 0.017322021440954 -0.00309460457619994 -0.00449488772736184 0.0111333372600387 -0.00531474595438473 -0.000230059828311039 0.00580964697625548 -0.00925388672164498 -0.076166223628579 0.000129091684920299 0.0711631818071166 -0.00835004889489325 0.0014830357335329 0.0178678659950263 0.0162038061849029 -0.110012692293326 0.024083755330854 0.0570906777307506 0.133384395865272 -0.557785084562146 0.0402876064212141 -0.0129493595913573 -0.410866519269 -0.0285593123156749 -0.112725717615406 0.028022310359858 1.1005957089616 0.000662401730758499 -0.165221997451505 -0.00715637929080435 
F10 0.0213980577295112 0.00685004344542346 -0.00543100208961956 -0.0294204115970028 -0.00232576752860595 -0.00509776816164525 -0.010418459688956 0.146043605834506 0.00224076389783982 -0.0855047059920298 0.0496122521082609 -0.017477320481913 0.01291379423909 0.031089644615854 0.122383988791456 -0.142286702433838 -0.130507845727251 0.0289862299901177 -0.659278794037151 1.26892035556808 0.096885261891034 0.0377446434839437 -0.0898364399361453 -0.205454875550034 0.072659575465207 0.0250744244307841 -0.414530524573976 0.0204088291100759 -0.0768273261569289 -0.0157517596767743 
F11 0.00300392606161822 -0.0296956485523612 -0.00503163513135812 0.00671291439990792 -0.000882357119355768 -0.0133504894105641 -0.0314594274339678 0.030191332999512 0.0278980695583824 -0.101160093572044 0.00282908754063134 0.0227803939531457 0.000764107817063362 0.026222755989549 0.0625148434141884 -0.0747447334260011 -0.00966306960375483 -0.144637363197616 -0.0217467803482628 0.0211793932090285 0.0503728065718577 0.625747270443684 -0.115707261835221 -0.138314513347844 -0.0250169373095569 -0.191795081166364 0.0943134854425785 0.049193777604519 0.0166890913733065 -0.0831909525173967 
F12 0.027091518280979 -0.0318326030382173 -0.00489469187138608 -0.120576263352993 -0.00420513523058115 0.0558401191584543 -0.162269119708476 0.235207532202183 -0.0404448342568684 0.551306931349294 -0.0113101502908535 -0.0724899161189655 0.00942823143103724 -0.138799506163741 0.175793843233367 -0.496013579369625 -0.0336439027867922 0.0100697099110028 -0.217469255306957 0.27741435532743 0.0373068699408671 0.00165396867785988 0.00370121753025508 0.0254519370292475 -0.015899145869414 0.0127804743186 -0.0861671121720672 0.035250755832308 0.000144743259469588 -0.00672731648950605 
F13 0.280223256878966 0.301580284719024 -0.133770563319005 -0.273051823734172 0.00542454119217351 0.00825373796945319 0.0803910803361565 0.105978925250863 -0.00883674574086184 0.0440051181956368 0.0350055670964278 -0.0243764750544559 -0.0363074912473627 -0.185096592356316 -0.0172320064831934 -0.0385698258529293 -0.0640550865714555 0.00707709125085168 -0.0252750203848317 -0.0265151056675362 -0.0530150961461372 -0.0173179213012998 0.149907864857947 0.0935564710689378 0.00534390944668852 0.00192123331961458 -0.0444235527784545 -0.00911314247501351 -0.0127086437188558 -0.0388134520194101 
F14 -0.000181313245058417 0.00731335029667085 0.0014249028416863 0.00501248073102587 -0.000702470985684863 0.000156796336476239 0.0491445956915787 -0.0475586715511609 -0.0105334641351394 -0.0496084580049729 0.0296414308077181 -0.139312150347772 0.00519495802283687 -0.102110679077362 -0.0223178315343665 0.227183059628425 -0.0132437096191819 0.501257270216409 -0.099225968917477 -0.0725038429389592 0.0232462276604785 -0.11495948279786 0.00421822864409096 -0.202649733676034 -0.00777720859224877 0.0330804070364231 0.0345236323657608 -0.0191689542060592 -0.0109340308050691 0.00238421913497728 
F15 -0.0387878214874032 -0.0620758648368104 0.0151165358110369 0.0261960658768931 -0.00104997405662842 -0.000489839676434505 0.0159603729246622 0.0142363667975948 -0.0390430290156198 -0.0164858443811414 0.0596620179356795 -0.0602817512003042 0.0166316459997612 -0.00789178861444352 -0.0323610063358109 0.0421645126341241 0.0175119958003881 0.0217543294473855 -0.0308649023978349 -0.00384090488727315 0.0809562501698828 -0.25700942503314 -0.0125498732633713 0.125934246102748 -0.0354311057538596 0.0270483799944214 0.0148887071220055 -0.0465092492905412 5.64256517638974e-05 0.281764078387852 
F16 -0.00502204596786557 0.00428274221948638 -0.00252218386593718 0.00896160961674183 -0.00143490811376677 -0.000728104803191083 0.011455157228748 -0.0294825845080401 -0.0168335076670807 0.0331781888438826 -0.0267588427139244 0.109760009544307 -0.0041427038069755 0.0375474691803168 -0.0743024170271625 -0.219468352487377 0.0817733942355675 -0.418816666907938 0.0361367639198553 -0.162578182655495 0.00492458306793348 -0.0834991884829314 0.054280633607318 0.987079656180158 0.0151031918820365 -0.182802035930103 -0.177798946420064 -0.00253703759455066 0.0184212321722017 0.00573667714791571 
F17 -0.0591409943953071 -0.00159027135136118 0.0207270121853616 -0.103423799393289 0.173959578469611 -0.00340983994320547 0.0177052088198922 0.030708311777398 -0.134373453118534 0.0325258220458493 0.0238435692600292 0.00111675603832754 -0.0130645910023382 -0.0028595481967794 -0.00306279769488693 -0.00415234081072075 0.0350950675986194 -0.021323202350239 -0.00743253514960011 0.00331663087767493 0.00586856398595586 0.0103266748474402 -0.0161319488605966 0.0110934012579617 -0.00397947885895048 -0.00412193766124828 0.0157891806609229 -0.00951500471773416 0.00167978850193788 -0.000617504701369468 
F18 -0.00585512424285868 0.00190793345910248 -0.00356057931546768 0.0134978386828924 -0.0079820882457714 -0.000297943192483238 0.00900425219762239 -0.00114974665966955 -0.220351592607727 0.0163562339940367 0.00881928665128343 0.0298059143003659 -0.0421114443813941 -0.00185936029755354 0.0170765219197093 -0.0444228252624784 0.60454905544766 -0.0334892784785254 -0.116235904018868 0.0379553791204849 -0.140864048052239 0.00473692865129214 -0.204113754698849 0.0457992234810989 0.0545432421171472 -0.00169380813072245 -0.0157364608299615 0.00171359431903111 -0.00706658360684198 0.000675093320090157 
F19 -0.00881936669930286 -0.080997811422746 0.00535195918535672 -0.0208990167036609 0.000364136971787501 -0.00608017121777623 0.0370434109422164 -0.0637437558120134 0.000825993554593282 -0.0909129465799108 0.0263339623128778 0.00453172425720436 -0.000521879604168577 0.394453000289898 -0.105186950363829 0.0629921356343277 0.0117641837654095 -0.0552240886689339 -0.00297863684542617 -0.0132655727068951 0.0183193239396511 -0.224453205565039 0.0523429449643638 0.0588581022143769 -0.00294343169324686 0.0617597298196359 -0.000631785184717974 -0.0100693503929803 -0.0235644668466704 -0.00514804300556689 
F20 0.0116669839313792 0.00640504838263939 -0.00728279439294363 -0.0300981573384115 0.000465748006189558 -0.00490665902324947 -0.0596006572922017 0.148843537151809 0.0362270712251667 -0.144193753171039 0.01609717317918 0.0232157322458889 0.00035062710932927 0.0268330511150539 0.105983993645143 1.1226518850914 -0.0249910736091678 -0.278194746553413 -0.436788823084948 -0.356822463629072 0.0164392685987254 0.104604110450824 0.00406704204442238 -0.335938944608116 -0.00681674283097826 0.0124463688236448 0.0638672079055958 0.0262509893070492 -0.0155362882178935 -0.0101556388236808 
F21 0.00589598629927378 -0.000998257680548459 0.000518447058421653 0.0186867368821127 0.000251772761253195 -0.00440865223054973 -0.00918507138106561 -0.00177028352464745 0.0574991092173808 -0.0545709342624134 -0.0231388657036996 0.0480325384835295 0.0053471598789878 0.014449342884117 -0.115691498178633 0.0868446637085291 -0.304276392308142 -0.017116803442342 0.0142913148909024 -0.0833168804266441 -0.0282853544981792 0.00630122168832582 0.707475988080238 -0.0193673569975023 -0.111211880739616 -0.0075751960195875 -0.242109689922084 0.0091072992906161 0.0422473598384112 0.00287593031307184 
F22 -0.00444788084405353 -0.0269435744397831 0.0102382394243735 -0.0771866968661599 0.00037271974807754 0.170247414597793 0.0471272931003365 -0.00684745040122433 -0.0222861091321302 -0.151030854151481 0.0187483285449717 0.00480964463580159 0.00222914992713287 -0.0320661982664492 -0.0272010723144015 0.0572878246674462 0.0120747033377528 0.026643798346673 0.0149966071617653 -0.025000875753445 0.00069884319062354 0.0130817757190019 0.00111704972085293 -0.0141959944316454 -0.00323052314824963 0.000256235809057846 0.0200613905860671 -0.0117014859894151 0.000170636426860817 0.00172216340750905 
F23 0.00853228710853732 0.00802254042284069 -0.00726219121130372 -0.0981132827673696 -0.00639025838475975 -0.00307453126297139 0.562059734518999 -0.115842311911953 -0.315610743379282 -0.036627393192086 -0.163029525674111 0.0136857612091923 0.000945159419354526 0.0278618214327951 0.0560355050268338 -0.0525925295967941 0.10418125958304 0.0307344258280384 -0.00123675796147957 0.01764761549688 0.0169567051978346 -0.0188837487327873 -0.0555382041905627 0.0278202501932345 -0.000675686936278254 -0.000303601716596543 0.00779057369819086 0.00116758025748097 -0.00139095965782566 -0.000208738293663734 
F24 -0.0599159459354089 -0.0162139904700368 0.0070748420338481 0.017492962610911 -0.0143139517121292 -0.00219241893757219 0.0140626390438545 -0.0211583285945692 -0.0766162068175149 0.0386963108404316 0.0188818986187555 -0.00870156090555526 0.220057526880866 -0.0180508179505941 0.0193197969210104 -0.00076894092883822 -0.110080559786644 -0.000508142059397699 0.00746599748796808 0.00453689510877395 -0.108681210547215 0.0219762218367935 0.0964061841957868 -0.0257171248278041 0.0310288256694898 -0.00189208833121516 -0.0381373373099729 0.0077062442413359 -0.00536092972594173 0.00338041472460062 
F25 0.00431118043197581 0.00270023771144193 0.00108048339694204 0.0425082611967411 -0.00556558114870637 -0.00459011723460266 -0.0934471273440427 -0.0559435863807244 -0.158149735825912 -0.0321094514188729 0.619096437098157 -0.0163673454686497 -0.00333646884049687 -0.00428696063327274 -0.25618249449562 -0.0252589390851585 0.0250959837770641 0.0544629099053558 -0.289620344685551 0.183543834478971 -0.000483528179548684 0.00775609720894534 0.0761192834600523 -0.028394698252547 -0.0133329957608667 -0.00794591811989316 -0.0299103593271016 -0.000363137345667819 0.0139685963881314 -0.00435096052570158 
F26 4.04281140076836e-06 0.000406301526050913 -0.000134300490118723 -0.000641315940526582 -0.000773219456699417 -7.06750967480539e-05 0.0212683408532033 -0.00840389959229517 -0.0245791157990661 0.0211637045441164 0.0327889782955802 -0.0882234929378491 -0.000233043306180939 -0.00110722779917484 -0.0330596323974955 0.0567154486028555 0.0103041887892529 -0.00769488114764131 0.0910233565588294 -0.129842913621031 -0.0168396554050273 0.0336998367701909 0.0939485053993256 -0.110663432520793 0.0176602834513369 -0.0352389963483077 -0.141471036015045 0.228298921626399 -0.00302282486180544 -0.00749525022580664 
F27 -0.00483137274068895 -0.00376886101062966 0.000949999107291066 -0.0095351191091749 0.000784241300006358 -0.012237847901375 -0.0925083940010336 0.248571699817185 0.0385750239205126 -0.212020867522132 -0.0484309575624446 -0.0599878309283774 0.00158786549989396 0.0473187557315345 -0.0723431381804586 -0.0547964289112247 0.0366239065220559 0.0751350410017504 0.116535638160996 -0.0128010144947944 -0.0145542819952878 -0.0381913390410688 0.0209681795968883 0.0423913756650129 0.00184101845926917 0.00198319307812236 0.00270056568149006 -0.00291065294549403 0.000166999045076496 0.0015033671524641 
F28 -0.00296908119616867 0.000780029597583727 -0.000517906655424172 0.00293036367534981 0.000251265824499251 -0.00160220262587871 -0.0118079627750972 -0.00521104705621752 0.0389633126586375 -0.0604083310919722 -0.128955084107898 0.267248421553484 -0.00333549167189812 0.000268317608186182 -0.11549138404565 -0.0643821511820859 0.073982360955588 0.0180250330460676 -0.109412672454835 0.102112531010208 -0.0172062691835714 0.00314260141634389 0.0337866217762479 -0.0158815791571471 -0.00112320065978642 0.000783616948064546 -0.00411165375302583 0.000370530097095891 5.5662428939306e-05 0.000264710456782121 
F29 -0.00281989900282467 -0.00614300027871229 0.00384194765917432 0.00885965298486086 0.000255640761925183 -0.0013675496674382 -0.015267191295064 -0.00398274114621507 0.00952521581208025 -0.0318119202966221 0.00459209091408185 0.044858003944781 0.00776422614316814 0.0248677765008761 0.218067000358053 -0.0339097955002341 -0.0900014891896861 -0.0048461737804309 -0.0629161967535193 -0.0528435889592733 0.0191184435723699 -0.0145057351297276 -0.0546336038366378 0.0514772800257434 0.005603937783603 -0.00176032270808736 -0.0185065997542477 -0.00317257238821257 0.00198512411638995 -0.00309756231669239 
