 F00 F01 F02 F03 F04 F05 F06 F07 F08 F09 F10 F11 F12 F13 F14 F15 F16 F17 F18 F19 F20 F21 F22 F23 F24 F25 F26 F27 F28 F29 
lhe 0.356126145000579 -0.110505091427692 0.216896065870071 0.18255346250948 -0.590830071312807 1.75716878421362 -0.552146353698615 0.637561980232668 2.76316756367603 -0.307819556026126 0.101763053699232 -0.0961663099530759 0.323899718878976 2.65715997829117 -0.161071008675389 0.567888549846849 -0.280075924704011 0.0754532401479755 0.207237328759 0.781046350334741 0.512971633075145 -0.818713643979785 -0.0529766927382766 0.483619095571587 1.26777987568433 0.540378703492267 -0.276523938533321 0.314813549182073 0.315711713481779 -0.0474402621542285 
rhe 0.470199065240768 -0.840102807551379 0.245146365555254 0.337852946763232 -0.20038904339314 1.42894469689457 -0.726378044498448 0.0519726072205168 -3.14765070787811 -0.417592215377208 0.130451792383214 0.949801612446536 0.718955483959803 2.89268233842143 0.096571527205113 1.39355380722434 -0.157644003589338 -0.0321911305385862 -0.309368944988657 2.33693808779359 0.445029590324557 -1.18757568471404 0.100156689073471 0.292509453558324 -0.394644697253442 0.418807834068877 -0.119123089450912 0.223597646088535 0.515446099840279 0.404961207504737 
LE 0.302986792036749 -0.402859688411757 0.185724028885104 0.211184516782907 2.5580415921183 2.70838623073132 -0.547741118261892 0.328934912289391 1.06040974406379 -0.318634024517555 0.0754977811070237 0.148421412446495 0.302221576739618 2.44231530513561 -0.118922975361265 0.944288265754902 -0.335595772963208 0.143179443344116 -0.181338306678972 0.9403408139474 0.318309211736782 -0.920314649659461 0.0637487719249678 0.222632356916101 0.473610170479319 0.562841093958408 -0.0208137602898561 0.250473451827516 0.310120689409887 0.871814117749915 
MiPf 0.910450963425042 -1.01154182876222 0.32074347052339 0.280150862750218 -2.51863773680495 2.16321094969328 -1.19488080279935 1.2396014005874 -0.808109319115928 -0.635652418666454 0.10560757366175 -0.735510301643028 1.75607273773565 0.236105194988291 -0.49830870948589 0.585732609495455 0.0693132203424336 -0.0708691703975073 -0.275879248307007 0.537432106853396 1.52752317209166 -1.02953373900612 -0.0352718694727708 2.38829090995643 0.00418668111512947 1.98253496047086 -1.02243679614284 2.20976212516914 0.240458000315186 -0.477596913691068 
LLPf 0.753764621200872 -0.581481074525899 0.346891289862831 0.242715632268566 -2.22348942270773 1.82574013251955 -0.969988150246728 1.95094550709945 0.551789127502758 -0.450147437775197 0.162004288810354 -0.761827498090808 0.866606423775891 0.976527204742117 -0.351266790179074 0.503258105045917 -0.152648936782324 5.41902078415345 0.327657464609167 0.541252148435205 1.01571546767749 -0.83019715480703 0.0869907285861902 1.36486712611252 0.78983076278314 1.26202620223638 -0.436953994242162 1.27923646930965 0.424553375382618 -0.122830464224662 
RLPf 0.915582305645573 -1.13769216526844 0.333233744184121 0.346002604641581 -1.70306840078928 1.49571176955251 -1.18510997593735 0.773532942819786 -1.52135400102564 -0.615521349062577 0.175849386897206 -0.181008902745899 2.48954693700877 0.666082353781527 0.0784058335350981 0.785410905381084 0.281875310027847 -0.0890543731370774 -0.377423860442386 2.00365879746135 1.2452302061724 -1.30137209053322 5.40402310745882 0.960666578394704 -0.304164295725041 0.970732368988572 -0.568194858503267 0.218704592926233 0.537003654108154 -0.595471968922766 
LMPf 1.18455518819119 -1.04803743026645 0.394439989327898 0.273809032851903 -1.33259273778429 1.17970074430666 -1.32754059971611 1.97846473013089 -0.37274317238088 -0.550604035030117 0.26328738157941 -1.27773606435377 1.50760647424332 -0.142690888136844 -0.48468425229578 0.396634586984739 0.0708508056155686 -0.331612293371729 0.0580915973577736 0.0702624238743072 1.64343551205671 -0.991775211290761 -0.233259376431022 3.42359759071947 -0.17604294741924 2.17305167402862 -0.812570096618084 1.59079243302594 0.608222934154395 -0.129236894933401 
RMPf 1.26082810874368 -1.22819346969364 0.379958033672475 0.321952463818895 -1.19939353562292 1.03797496518328 -1.40870962273784 1.2329157341903 -0.725921254234647 -0.638585094991452 0.320515323841488 -1.11262989542694 2.36300253876805 -0.191748859788858 -0.249940503972393 0.475153936054502 0.245590362212181 -0.161228081672738 -0.354935225750413 0.256946715037153 2.09482764057005 -1.23729818341771 -0.322009905123109 2.11750032081823 -0.346514460587855 1.98275790761709 -0.929459838235824 3.67678853033587 1.23929751952451 0.215439333232448 
LDFr 1.08294677606483 -0.76850149527453 0.50022274347461 0.27707208716955 -1.00272746601472 0.947211223539665 -1.14712847670891 2.42086429531024 -0.082143579351605 -0.245988975865496 0.412619783094356 -1.16940239045061 0.938036630906937 0.00472824983048604 -0.269339931268459 0.373904199275935 0.0324501664914313 -0.559892914004488 1.04590053234065 0.157854758821716 1.20385344713118 -0.583118591936282 -0.248821439792733 1.0256013072379 -0.0243827798282754 1.35902188448234 -0.570650439286043 0.715468009834786 0.609960772184047 0.0500000516989355 
RDFr 1.22037636354936 -1.26689384347347 0.448224385186599 0.485821325943999 -0.834813382190886 0.756968265474081 -1.31517308328869 0.812195945302398 -0.870565447619814 -0.465726414424225 0.41272918403608 -0.641467377931091 2.17095783627866 -0.135964935362074 0.88491375634286 0.557567571336775 0.651224691218955 -0.0881204982384935 -0.177695360083198 1.16600803195817 1.44986121458133 -1.15052922461645 -0.610141647639355 0.704300930820492 -0.313069669528709 0.948180471223132 -0.702695325869467 -0.789612294744172 0.94170219707638 -1.07132935581782 
LMFr 1.37000050843804 -1.10139219361854 0.5183739359093 0.345183062900521 -0.761484934671764 0.57460163658541 -1.37077570151625 1.46578952925998 -0.327210693188782 -0.29312631127765 0.65437451729556 -1.47091810480212 0.806273397683251 -0.393633223772999 -0.220664990007727 0.322576832711407 0.161295468879176 -0.221884965127588 0.764647850486739 -0.0403360479852225 1.27733502983229 -0.591586005509171 -0.180322493933356 0.895950027906825 -0.190571355306529 2.65050392276465 -0.529829628064733 0.455466116628033 0.293689586953221 1.58583699644242 
RMFr 1.48215125214663 -1.31417640936106 0.479758001232764 0.440079735326979 -0.670979567437667 0.456549255500272 -1.51311506069723 0.81220124594689 -0.53275269742725 -0.465675334651154 0.684888891536617 -1.41953961811584 0.928015906755843 -0.503942329763972 0.222464814916062 0.33887801867436 0.439942975420159 -0.0932897783443741 -0.0197372038824404 0.132024563369034 1.43873510508859 -0.944867226706188 -0.221416159242081 0.586135735049961 -0.328623842201684 1.55372717721704 -0.514966825067359 -0.135047778736543 3.92740931364019 2.13808262480516 
LLFr 0.642541847714392 0.0562468981319563 0.470199598356963 0.205031913525213 -0.701446431484147 1.03451668935644 -0.628936572318272 1.42030339912436 0.664119738070034 -0.112747894256892 0.302016410601883 -0.442183259963927 0.389720793356105 1.05888033216552 -0.0854788757841934 0.446017860034334 -0.102713325638335 0.164396682400097 1.36456588662564 0.689471515516235 0.715921020866495 -0.411099598443454 0.00485670486186107 0.551146158999922 5.01372660580945 0.615895716351822 -0.378288439098389 0.825388011883456 0.64895823927982 -0.181588848682293 
RLFr 0.837542167437581 -1.11545061202026 0.388662534785819 0.577778435982491 -0.625902298825087 0.795518912614378 -0.971678704644727 0.339621276676507 -1.32888251185898 -0.35845540053623 0.346856170054554 1.05895542563343 1.37676106819736 0.693849811098689 1.00077254858428 1.07432916806759 0.413595128061558 -0.0323522992751735 -0.14283339637352 3.71268316936031 0.805489236624388 -1.04929123936724 -0.0678297010600772 0.346436801656428 -0.325695872351313 0.492557484372267 -0.346135783820573 0.198842823816671 0.762963818988048 0.703890022645482 
LMCe 1.23864593783274 -1.00015687978925 0.87451890333565 0.50892224968886 -0.48625988505509 0.290408049617897 -1.11577800558237 1.01073979476601 -0.322680297825011 0.656315205829444 1.48360569043048 -1.27123273222008 0.301248339315273 -0.504375731015934 0.349671003363511 0.283193932127089 0.347197204456522 -0.111455192207351 2.07569706969311 -0.258588570876718 0.897279664287114 0.907868359525707 -0.119039219401295 0.00419571591905637 -0.174075418675046 0.217825671309496 -0.313230399459029 -0.596896559617268 -0.546232184013866 3.62368291235967 
RMCe 1.31216217342695 -1.30860220083653 0.70649023447775 0.850915709691752 -0.449950680883367 0.250898374064801 -1.30288955783056 0.50956467503822 -0.538446678907125 0.221373982723847 1.4809991947764 -1.01107385543414 0.324935125141639 -0.595576654275181 1.51188430446746 0.348255282049293 1.34812282816745 -0.0382378707771842 0.347670826833408 0.240701870143292 1.61330535499189 -0.511851552807237 -0.103188582624474 -0.261790016605758 -0.30943689170364 0.294939365070889 -0.231362753973838 -0.834790460362189 0.56677076848201 -0.402253122696719 
LDCe 1.01061215739079 -0.507194695608419 0.794190513143238 0.313977875592543 -0.56707807580059 0.573527647953223 -0.787298938244107 1.42748569273266 -0.0292084410377213 0.354676095515155 0.809144957014216 -0.942961647744376 0.411907197666916 -0.107951364455282 0.168136445000424 0.310151459239082 0.115261509145559 -0.141834316063306 3.11586308141023 0.109973445191635 0.818041621445414 0.874006559805366 -0.116277976673546 0.332164624772048 0.30277183425235 0.574503118597271 -0.383690351342471 0.0931696306980015 0.0952448172037632 -0.0440010947336546 
RDCe 1.13356805011723 -1.26276820515533 0.593043880137796 0.89401319807493 -0.492735072507954 0.372207424117734 -1.06553502758578 0.464979263889074 -0.753895277353835 0.0448187046901048 0.876600476694826 0.0935538492475171 0.963844603317628 -0.207450966966851 3.06307913057852 0.648194192256508 1.23525040487314 -0.0351406311995322 0.141351624515908 0.933801766418361 0.675993646623198 -0.703374626150352 -0.14621729768062 -0.0114924356114449 -0.386403803308721 0.539882240526004 -0.0944269439298513 0.0117741044142176 1.58323047237889 1.06997433427419 
MiCe 1.52490962307193 -1.28374665739703 0.602242321145815 0.498806586000145 -0.509579617497022 0.272192748721137 -1.53173271530575 0.700017918909035 -0.400575602453921 -0.205038928712095 1.1953212487806 -1.57975352543541 0.12818188143991 -0.66711582444731 0.143239124596002 0.212172937261211 0.428687785778052 -0.0834115608192918 0.479513005099418 -0.0876017992845635 0.841407246300058 -0.489274651420484 -0.0922183235637177 -0.126597849645222 -0.253713790962174 0.517218903371182 -0.349372222498783 -0.237509020909185 0.298761249492319 -0.00769080332980104 
MiPa 1.26597984326622 -1.22576047628765 0.920761927935796 0.834459735552598 -0.374390436855367 0.146900075348302 -1.26016990555872 0.599662824948987 -0.429964885582058 0.846582206858115 2.2644768421892 -1.2606625938916 0.0201559690176776 -0.706657828537157 0.72705486983197 0.243533602663454 1.06021075989952 -0.0427886433543218 0.896046548496138 -0.127613936424224 0.772744153348178 0.137585297309394 -0.0594469518737845 -0.425897298733023 -0.26976898359882 0.134098483724899 -0.174367117677028 -0.933488105210495 0.245953563903278 -0.592245991219817 
LLTe 0.680504701853833 0.22691744048044 1.30823743331688 0.179211473116428 -0.290141899517548 0.325638657368251 0.268955178344553 0.663008456697736 -0.0863571137603231 0.799953211323445 0.717625943465424 -0.258889389556602 0.220675474647779 -0.194475897994867 0.322002255773654 0.327326525259645 0.129714790212101 -0.0201995221314374 1.17611712354939 0.0554117182608223 0.493702603456045 1.57499566223903 -0.0696163437559505 0.264138470540929 -0.189590963108232 0.158976169500074 -0.204053451630882 -0.201238839328907 0.0618130550234725 0.134725097362139 
RLTe 0.848893591016662 -1.13954183445093 0.619995907591798 1.52014309331828 -0.308436108173515 0.292772029504179 -0.403257377611839 0.234283246862882 -0.773380758475417 0.251951317509077 0.664960663785778 1.93195013261852 0.677997457430082 -0.0293592570836275 1.84101558805509 1.0714049758939 1.57278038022964 -0.00263102078153972 0.0672768389640853 0.543898215808243 0.623867828363494 -0.455378773788564 0.00641677078119017 -0.0962606233130232 -0.3413757435789 0.13937387715209 -0.11271714338815 -0.464524693735929 0.678867041010274 0.158550889232767 
LDPa 1.00616472035125 -0.740361509173304 1.34361150632711 0.502827059378196 -0.34592060917584 0.216449979588776 -0.408229384021015 0.921438841951729 -0.27246691033506 1.47959617721969 1.39388196447142 -0.932543895266882 0.246103873424325 -0.492280095199015 0.508199736695748 0.207318996614538 0.554232589805286 -0.0624445718291363 2.33365242901783 -0.162380958496866 0.652632893082604 2.73672255735538 -0.0789264505966331 -0.084146297949255 -0.0761550015678397 0.138797077975989 -0.309181328007554 -0.534924729268582 -0.326775417278827 0.286483521516423 
RDPa 1.08721972702115 -1.26261460407841 0.863274942658763 1.47544953201689 -0.339335718559988 0.162833447941424 -0.81159987425872 0.409002789929506 -0.567062321878504 0.878627999022271 1.47449462316907 -0.195081181530897 0.389601687954465 -0.48832398805437 2.18639756859693 0.490221600339776 2.64672708623532 -0.0183725842579489 0.348848198705947 0.184026318321297 0.797628841449437 -0.299868218638727 -0.0570138231083378 -0.346177230021412 -0.360555108465787 0.118386049689903 0.134590499630585 -0.423576643213161 0.513527249329516 0.547940544393809 
LLOc 0.694201279989116 -0.755532999735634 2.77405986323293 0.46481616773257 -0.156937411279749 -0.0928769667885622 1.20214494494602 0.357965336188086 -0.356531920292429 2.33946952848583 0.947673821968308 -0.499671611559383 -0.0639872717324145 -0.720550281219361 0.62351220825599 0.0226682109292977 0.706755211640674 -0.0182554255443289 1.15698934633335 -0.387661257790469 0.496379190660612 1.39381601450715 -0.0380835333899416 -0.323136242236929 -0.328683486794691 -0.158412683307048 -0.0723570345345849 -0.49178270003696 -0.040354367079836 0.180473527291701 
RLOc 0.767814957928266 -1.15462037533499 1.19098321445212 3.38625019922801 -0.193975283784746 -0.0366428713976949 0.349964940723374 0.139178751351315 -0.516378094199007 1.49833800245842 1.06424495641435 0.271043325849237 0.111684861360391 -0.532757336124125 1.58966721176202 0.531904623206597 2.44914301514689 -0.000755676060204656 0.213415564990145 -0.233395720026601 0.390596348035905 -0.327785428484459 0.0122313985511304 -0.418068827167691 -0.409178999205576 -0.219379236142073 0.987334313368855 -0.231029933570081 0.57528955342597 1.36797359458286 
LMOc 0.996892830018628 -1.0184857394967 1.5321121707462 0.915252120930514 -0.270264640948342 0.0669558929942638 -0.630525529187802 0.640548793638651 -0.403072894674691 2.44931756755295 1.80572777798302 -0.961863401832502 0.0351839296041528 -0.676634030287761 0.716429068955915 0.209835594830734 1.05518289812505 -0.0344786679448845 1.35137700932199 -0.274373598957565 0.719714979075157 1.19006130468404 -0.0540519293029646 -0.396102264532369 -0.256347504895701 -0.0478140233272671 -0.036349316346431 -0.821325279925198 0.0590560970233438 -0.304362441086956 
RMOc 1.02438446025975 -1.21250732930632 1.15615448830366 1.65316898555491 -0.265522665033027 0.0325112345364965 -0.865929144569737 0.419139429159135 -0.492149803607451 1.9236894380476 2.14162371308237 -0.778756640376212 0.100707775042923 -0.64717180118469 1.44444807641657 0.456240434619639 2.11395618639236 -0.0106683599568831 0.454363526806806 -0.19372182874001 0.662238631623144 -0.264115345508985 -0.0361685108719534 -0.630116197756698 -0.412680467111503 -0.0862038610935678 4.72353319094031 -0.757453093729491 1.76193883746146 1.22441841185454 
MiOc 0.577406018353509 -1.03840035402924 2.63294863074506 2.24616475024075 -0.107980504812599 -0.185611151266355 -0.547886959152186 0.103376400498856 -0.425862979703782 2.18078430650736 0.963365234454606 -0.492458828189072 -0.115607424800628 -0.69123911271271 0.746404939358446 0.176305709852578 1.4375685500621 -0.0159561443612578 0.38759262852513 -0.457726759068817 0.329002270822479 -0.0292189057616344 -0.00014831138140782 -0.495424406688746 -0.427483184261348 0.073372551636441 0.977951967579742 -0.395791755145639 0.401824344468468 0.801170570296988 
A2 0.406740231192919 -0.881401444768054 0.261558767809471 0.687959959681477 -0.118453836519263 0.280485073888572 -0.293750098384859 -0.0789065538292825 -0.861703006315556 -0.0827374247578298 0.150779476127623 1.82805047933977 0.41479811389124 0.884072770502729 0.58354873247515 4.50528697471319 0.224726623105029 -0.0157483618520477 -0.258666514299056 0.891663058076298 0.143083216874564 -0.728621116290629 0.020400090045573 -0.396922133323701 -0.414875892236215 -0.286204284136002 0.56525662167791 -0.823253768721639 1.26930757220984 0.542339863780475 
