 lhe rhe LE MiPf LLPf RLPf LMPf RMPf LDFr RDFr LMFr RMFr LLFr RLFr LMCe RMCe LDCe RDCe MiCe MiPa LLTe RLTe LDPa RDPa LLOc RLOc LMOc RMOc MiOc A2 
F00 0.452312082171511 0.402125945197898 -0.0203891268881945 -0.129879794166804 -0.00699789118326988 0.125074776240913 0.304534254647206 -0.209652503211988 0.370224397139558 -0.26918531727341 -0.559586340988407 0.246593236554899 -0.0649180028228214 -0.0315704670826459 0.151393488472838 0.241131245825852 -0.311862379819149 -0.0638705093241051 -0.0431132181533306 0.161542593479437 -0.160041726055294 0.195588373126111 0.0709841565209528 -0.368763870955913 -0.165423192060998 0.132913006554418 0.492896976930196 -0.218583377160848 -0.0126065933047341 0.0879887451249931 
F01 -0.172382328985418 -0.0215772569701412 0.267789849030894 -0.368207399947772 -0.00358422605108099 -0.0376115048281576 0.12702342498 0.195401430447291 -0.041551139532841 0.043872007644058 0.0932698657652594 -0.0426263633013778 0.00617978588734698 0.00433794525648901 -0.0265991954793005 -0.0272674588875308 0.0203188562509443 -0.000290424493133741 -0.0735940403091079 0.00989991631195956 0.00862809067224572 -0.0115022022569128 0.0110222548209579 0.0367474148821113 0.00509784391212196 -0.0225507945385405 0.00610520849942181 0.00593554304829473 -0.0117197263639952 -0.0077128302992992 
F02 -0.130678192959613 -0.145096969379417 0.0597563153166428 -0.0448863106687278 0.0126709705132748 -0.000199915769569977 -0.0311542720929593 -0.122198022734916 -0.16478143637115 -0.712054362546128 0.335121418369929 1.36742037255749 -0.00904768382866892 -0.0127574232643115 0.0169261099686044 0.311340979845156 -0.177767269556209 0.126658191547095 -0.0776483272954226 -0.319006467261914 -0.0570317616075411 -0.08145693773799 0.0957218046128488 -0.0876962423353894 0.0018413920817752 0.192151527758712 0.274030494712044 -0.575551893297394 0.0248258189602496 -0.000899543135831617 
F03 -0.07542948910666 -0.0359672990553026 0.00851581867502295 0.052663630591707 -0.0274883639510048 0.000530530224721647 -0.13375241846249 0.0455808819483311 -0.0906179838371781 0.0155424245646254 0.0159286571487153 0.0357670114878687 -0.00258671270560603 0.00260664345621823 0.0356816014314548 0.0169079505913356 0.18422070279212 -0.0340884379549338 0.0265633716298448 0.0252244691796825 0.433557807464555 -0.0349638994544431 -0.418962747162029 0.0130226039900841 -0.0541574216979226 0.033146910997391 0.00952753126978209 -0.0167170683467245 0.037764052847574 0.000132539764515253 
F04 0.2386037124598 -0.111947343664283 -0.0344146697300179 -0.052737981011272 -0.00927254876024053 -0.00971566739239267 -0.010295039288427 0.0492234409887666 -0.0102546334173099 0.00244693076355068 0.0114658995994161 0.000261067860077421 -0.00855999548391265 0.0161074027234224 0.00427138395255403 -0.00175515528579305 -0.0185748608636483 0.00264425727179057 -0.0152818373074171 0.0153871198639571 -0.0169747416102118 0.0116814607097314 -0.0210778628489047 0.0126822518687193 -0.00518841193247169 0.00131613594471429 0.016736032805815 -0.0201974409668634 0.00514192156798623 0.00685016116625036 
F05 -0.104992634741671 -0.13421988356432 0.0383304622444366 0.0372675902724313 0.00704964243401048 -0.0344701312909397 0.0239287323011953 0.00610053092680392 -0.0146736135039263 0.00941098240024613 -0.0480937084049453 0.0300762168061176 0.00503390948586261 0.0508254307218599 0.0322983863123879 -0.0337222407379163 0.0130014546081365 -0.0637092022170944 -0.0254693402071514 0.0162621539133603 0.00703129085651769 0.0904806758021568 -0.0233807544298943 -0.00743568463461807 -0.000635749572999571 -0.130592759416417 -0.00509435583487888 0.0738223233652096 -0.00576015686158679 0.179088103126898 
F06 -0.0298816187236763 -0.0327203403658296 0.0113858711270492 0.00451676816011196 0.00215807209735311 -0.000325920509844037 0.0720839836731093 -0.0593162938432633 -0.0323428266845573 0.00762322514707664 0.010441337982029 0.0423595172204658 -0.000505978604909483 0.00152312661778516 -0.0246917217577615 -0.0130933472256878 -0.00262177415822379 -0.00664582532002867 -0.0265054172269248 0.0405795881954966 -0.012522825579543 -0.0631592268421701 0.0191645854979374 -0.133638246913787 0.039344021365439 0.514930056466762 0.123965247072942 -0.152805713907704 -0.279704954262327 -0.00785602384825793 
F07 -0.0039728326386731 -0.018425888513174 0.00676114676645053 -0.00850072982246178 0.00174587585991978 -0.00116856813088503 0.048813707020603 -0.0357820442835516 0.0112257949254798 0.0134854293555902 0.0266686634502795 0.0488059981033932 -0.00308256170953587 -0.0147502208156992 -0.0670633077753683 -0.0715623664739561 -0.0177334357816272 0.00171068089121679 -0.00699681655142681 0.0100533664803169 -0.0465858394243588 0.029353267344021 0.0158956463686079 0.188843201431343 0.0359856430114125 -0.214418973327374 -0.0707083112988636 -0.320569408154885 0.572292506605661 -0.00207208511798475 
F08 -0.0088339948567929 -0.0154290186164078 0.00207877604575195 0.0199351986978348 1.08011579770627e-06 -0.0108618732567205 -0.0499689538977706 0.00604586783508413 0.0495609816830093 0.110304552932101 -0.0770197307035757 -0.0609416109700068 0.00092197495683755 0.00641369279846466 0.00140007671843982 -0.0603186281684962 0.041650386820931 -0.0962814543363811 -0.0249043610331389 0.0104988722067188 0.011292824498303 0.0188918257071164 -0.194150715449498 -0.332150265497281 0.0197134937857343 -0.132576278505281 -0.11503944618039 1.07733292079239 -0.194674727878892 -0.00273213044920212 
F09 -0.0142370561567749 -0.0362773006569553 0.00566720639110725 0.0244085226275123 -0.00109865867761107 -0.023070630053713 -0.0767121991059961 -0.0985984015939833 0.0861454631141612 0.111114532837245 0.0249231255301121 -0.224880181615868 0.00146204801214542 -0.145782946467794 -0.0140701087017998 -0.189138316395807 -0.0176028140661134 1.15088116493883 -0.0396070379917609 0.0920710783329436 -0.00103309096259637 -0.175561282872781 -0.0256256160261897 -0.565796470681597 0.00667802263258935 0.0988676014931227 0.00699494426360374 0.0446298792257152 0.00344144049210112 -0.000831370111233328 
F10 -0.0556101644052728 -0.00578312182257577 0.00611491124596257 -0.0040689639028558 -0.0261083404032315 0.0102236845841787 0.016901631290099 0.022809896629536 -0.135730184676101 0.00801532491153819 0.0378235036972442 -0.0763118661877883 0.222568054155058 -0.00508327981332475 0.0214763309032791 0.052285838365969 -0.0931113384776521 -0.0197977698488325 0.0778358967668407 -0.0337902770855584 -0.0208134697424465 -0.00574243507074952 0.019192249016998 -0.00389794690101586 0.004006709783701 0.0100847050380813 -0.00061519884587513 -0.013786213538818 -0.00261393610706064 -0.000591222035934927 
F11 -0.0193833308078675 0.00844404229931842 0.00663637091403714 -0.168625303413859 0.177088203723216 0.0319815874583256 -0.0305351795220429 0.0512368850660084 -0.110936106854391 0.0147944550086442 0.0552647987079492 0.00397234524274943 -0.00920090078512906 -0.00852090262495457 -0.0206531198548967 0.0109678660423819 0.00556807542108713 -0.0228518564518343 0.0123647265429063 -0.0219118191708803 -0.00681083796016693 0.00339377993039051 0.0325858413369989 0.00411811423055385 0.000509811182969631 -0.00302638926812037 0.00144739574313929 0.00152714518387211 -0.00269403931646833 -0.000942283161347452 
F12 -0.00438775479732913 -0.00632619387163845 -0.00420859861988811 0.0267686606432199 -0.00839853130603222 0.0125404391988504 -0.0433828015579865 -0.0637519465320899 -0.0105074133237005 0.136708169687841 0.0448717071690832 -0.209310252531673 -0.00661617383044567 -0.00800662371973138 0.493825438663998 -0.172825775001515 -0.305258418829649 0.0163843331080003 -0.175429633641324 0.0584084649825419 -0.0738251605425815 -0.00187473036008787 0.638268322378789 0.0593287271472895 -0.138897477557207 0.0365200843911972 -0.115798207051246 -0.115448269325483 -0.0574257224581875 0.00062423595866114 
F13 -0.0489314307077592 -0.0139990673939235 0.00909081623999015 -0.00747370097771162 -0.00688266570978016 0.010303917810534 0.0492749219237005 -0.0600079546711638 -0.104258158580611 -0.026192374479938 -0.119894403282453 0.158066001088621 -0.0184711174796448 -0.00861853226255761 -0.396957622814692 0.0768165534330777 0.739302314002143 -0.0668242280923856 0.0498022080464322 -0.0403000839020401 -0.0442768395105013 0.0092674510568443 -0.298766845984678 0.0276427666404673 0.0484344470708225 -0.0153373355814311 0.0642792935212042 0.0559596307939497 -0.00954275658048227 0.00125853702870906 
F14 -0.00546729652998332 -0.0366105978192529 0.00815186281843797 -0.0495096009649076 0.000898849822430973 -0.152558191928818 0.258266545515641 -0.120217546348084 -0.183151833620458 1.04856280669716 -0.171503927863263 -0.126631192783632 -0.0023678305623147 0.0279800104272432 0.101032706664126 0.140737237646005 0.0327879927771142 -0.847914631463105 -0.181761624488762 -0.110894871859412 -0.0107565510475662 0.0544789185434012 0.100790135287177 0.202340766048097 -0.0110458432480779 -0.00442677783524763 -0.0158357497993128 0.0737487184432278 -0.0147249640709543 -0.00105877190009175 
F15 -0.0681364758224233 -0.0131542385462249 0.0110162648325324 -0.263987562998734 0.0466737299362533 -0.00912734427263259 0.519717281960177 -0.0445449108016808 0.199583835010603 0.0224654526611809 -0.0599741873368696 -0.415193076987276 0.0130388298633367 0.0101752556602806 0.272281407239192 -0.271877290123131 -0.101316623887124 0.206515442552763 0.0204910187525823 0.0457964973799628 0.0350471541012089 -0.04451774921537 -0.315820792732533 0.128700445919415 0.0290483145485689 -0.0239146019213161 0.0222640904386825 0.0462563655576472 0.00623507178100846 -4.99972298938927e-05 
F16 -0.187348583045754 -0.175228723060307 0.232324347838425 0.282242189825798 0.00346583690458229 0.00285404303903896 -0.179201025833768 -0.0979598935751376 0.0460729554513988 0.0108935695374973 0.0165439176343512 0.00556723195207744 0.00245016346319583 0.0129251968544408 -0.0481101803575693 -0.0321393874229557 -0.0197472756608331 0.0236346594545656 0.0563979660038756 -0.0211502126223862 0.00502604746621 -0.0171187821287826 0.0725023069975164 0.0199489539276228 -0.0030900822963952 0.0133950022367298 -0.022534740427348 0.00409040214749989 -0.00590834149076508 -0.00416796283445937 
F17 0.00251469446501163 -0.0380362625858238 0.00962646767624224 -0.130052985457016 0.00322706922180965 0.204915601339234 0.0408077089423794 0.0182676599371959 -0.0180477075875714 -0.0577891069458607 0.00336874857371896 -0.0591588534562749 0.00201377579385022 -0.0521860159028391 -0.019928440792769 -0.0796539881707948 0.00899112906161433 0.0485679065633566 0.0702240308289418 0.030565535137171 0.00395869024262962 0.0225261682130079 -0.00470093950228947 0.00669715202396268 -0.0029650180799746 -0.00858379773202783 0.00379821105769061 -0.00800025910041893 0.0024650803117907 0.000276715564725051 
F18 -0.0133478565227004 -0.0825956048685523 0.0132194280472141 -0.0610330886458862 -0.00255534527230303 0.0730718977853005 0.0323311770140028 0.0198621121321908 -0.0123328330539699 -0.163461821001704 -0.0280890679798824 -0.0380607238612577 -0.00105898868862703 0.324939741159378 -0.005961228175597 0.0942815455907628 0.00775838927838879 -0.220762964830236 0.0979448147609495 0.0029137275445835 -0.00470435955646071 -0.0701649342403956 -0.020796314092437 0.061842023341793 0.0141033084698238 0.0323999203626666 0.0157845030150923 -0.0504369439721174 -0.0114810204697969 -0.000265207110501709 
F19 -0.0294225052998301 -0.0408329886798313 0.0122885801280506 0.012333676600499 0.00123292013944566 -0.00916336757905468 -0.0294588026733649 0.018505442787337 0.0189700781888427 0.0411203438185091 -0.0516224215208515 0.0369280800570825 0.00296232480857462 -0.0248047383135482 0.0830916842446347 0.0278628640875916 0.000731270532787739 -0.205474719849786 -0.0200703201727703 -0.0187724266424346 0.00896874239345506 0.419870764515652 -0.063716831040788 -0.0917826570824258 -0.0157745344549748 -0.220910406267452 -0.00156453993535193 0.111588895929655 0.0373521457010494 -0.0117542292460169 
F20 -0.00270617647988341 -0.00593031392653458 -0.000666421714532177 -0.0441689961779739 -0.0031894259283179 -0.0598178845606818 -0.262524140096817 0.826987931123558 0.0387510838940273 -0.34887545883359 -0.0220906979255218 -0.331113084602399 -0.00132783578164514 0.00214501562586566 -0.450372009025501 -0.0805964730440141 -0.0171536318210161 0.270408660305905 0.270425888185814 -0.117584699032775 -0.0289005078723129 -0.0242494534238366 0.439019322848287 -0.0609238771244004 -0.0605254403063183 0.00804146071791445 0.0257155030232036 0.0897086283625353 -0.0486820428731977 0.000469144810726973 
F21 0.00420395419699059 0.00778710342739522 -0.00254535133227384 0.00352941544406262 -0.000854997930849725 0.0024569029972984 0.0266724271060549 0.0285659760936454 -0.0570342094099352 -0.0302510762771431 0.00747963307888191 -0.0685130581779791 0.000271129691340013 0.00395922706824619 0.143843866646511 0.0115710898820451 0.0299440728465856 -0.304937472631339 -0.0424729583563335 -0.119537510867892 0.0128932516271759 -0.100485298151838 -0.118592449077519 0.991257362755283 0.0189533556832921 -0.201032165723749 -0.00979479681002261 -0.297690873625694 0.0566087727082994 0.000420406332759438 
F22 0.000696172820070138 0.00854511826245078 -0.00113383996070133 -0.00704366631400402 0.000798658655973932 -0.00403593899713208 0.0271643888852196 -0.0119791261051953 0.0246412773163151 0.00341286156666878 -0.0879739105160814 0.0401657817093331 -0.000304159362213414 0.00217560452216596 0.0641287249578368 0.00430773875772634 0.0356697724349167 0.00050884620780142 -0.00383834110405124 -0.040757029106397 -0.0202709890171131 -0.0218559140355916 -0.185395922660499 -0.0463603341448688 0.30062600556982 0.0101193306024371 -0.0322677031819688 0.213325539408593 -0.265009451473531 -1.35626891587117e-05 
F23 -0.00606193248418589 -0.00673050243551569 0.000706432713226806 0.0154255916238488 -0.00116550060357134 -0.016352196081196 -0.132262649476701 0.138500406754015 0.0267032756964377 0.0232552335135395 -0.0179196805896789 -0.113770623847609 0.0018829814188382 0.00478636750351208 0.19849350770791 0.0802611872566417 0.0191780266726526 -0.0388787846849348 -0.00973579323262019 0.0309865653678177 0.0104397623586647 -0.00390338246307973 -0.202295409977494 -0.0232800608586947 0.0315201911283852 0.0155441825545761 -0.00569806239828685 -0.0486243201768935 0.0209905739103905 -0.00191954933733301 
F24 0.0175406205615177 0.00421111980967551 -0.00955541112960853 0.0217072015714952 -0.00658812610260839 0.00815547871602092 -0.0488162150015663 -0.0861639797908864 -0.216317499429736 0.143737329598631 0.72681138969814 -0.4560463066609 -0.0042526259912608 -0.0045795941068114 -0.232789238891014 -0.0607243263009187 0.035526275261753 0.0256845745132666 -0.00447649850526652 0.0322729181040935 -0.00266015974415059 -0.0127730200602299 0.0397034046641147 0.0774778682803156 -0.000589652551352184 -0.0161249470157442 0.035786589773762 0.0263915837217545 -0.031788634352873 0.000736197176848774 
F25 0.00361367809601175 0.00329116565951819 -0.00162130224845895 -0.00712698786183427 0.000408422948514943 0.00300316603109321 0.0608731267358861 -0.0515306994195296 -0.0243508413673207 -0.0096893783938286 -0.0453708642037046 0.0996155586407877 0.00111968471250923 0.00123410350521991 -0.0674858668685807 -0.00461936273161488 0.0432148841121459 0.0153200501014887 0.0154259029260157 -0.166600814005116 0.0111356882995227 -0.00174167015649322 -0.170832159395407 -0.00279415352303071 -0.105047258746933 0.0410777191612721 0.678131256077367 -0.19746026325777 -0.135289439139452 -0.000326208812381183 
F26 0.00468273655587761 0.00198544862071127 -0.0028535003181047 0.000721155810290326 -0.000300755264770651 -0.00705080937722401 0.0427933124693994 -0.031068744350321 -0.00623582583111077 0.0788015720817108 -0.102850733499378 -0.0954396045851842 -0.000783737303151752 -0.0107827458912847 -0.0338270161951308 -0.2053836172611 0.00911650740572874 0.0425670664744828 0.274263161703914 0.0499394013140414 -0.00131935164716611 -0.0132032109270687 -0.0145675124480726 0.0686248846092983 0.00122566621619706 0.00782724251326085 0.00105624383356025 -0.0635768983590585 0.00766016283357402 -0.000520477469218999 
F27 -0.00654638675659923 0.00303739671451927 -0.00428341537512282 0.00770615971251231 0.00173530597511136 0.00210235422605025 -0.123121348670534 -0.0537513770942521 0.18433182379298 0.0940407632748339 0.0265540404795503 -0.0403577770259171 0.00139915968424402 0.00259533654339559 -0.208907595202344 0.147931919274874 -0.0633180735879717 -0.118876153141401 0.0484277517494605 -0.0193521774031446 -0.00676960923360833 0.0142074837024058 0.163482757725939 -0.0111409874730848 -0.0203949759504024 0.00468340632516017 0.00389795325511717 -0.0251328628065651 -0.00583945956754008 0.000824353330631261 
F28 -0.000889161161016401 -0.00150150549900826 0.00219472234542529 -0.0250450515916464 0.00182547033676635 -0.00143405281561033 0.154006841090243 -0.0119018673979784 -0.104154425895899 0.0204823302905256 0.0441450316146334 -0.237088185100318 -0.00133713416742612 0.000522064373917063 -0.0794771572823169 0.287592052821813 0.0321208500198503 -0.0610148867389671 0.0583783976702743 0.0556700979093291 -0.00208678986171438 0.0182608833920776 0.0118303474805747 -0.118301906968738 -0.00351376827888411 0.0249376366368945 0.0142577328081378 -0.0844020533654736 0.00598658438057026 -0.000237434947307145 
F29 -0.00240232020810132 -0.000132094084589764 0.000233381435439358 -0.000708720725036239 0.000334273832794346 -0.00470158256865929 -0.0192230804863154 0.0150494469125142 0.0108827519597488 -0.000516748587379806 0.0195693464550326 0.0707727844856782 0.000596795531255959 -2.52984631571564e-05 -0.0641036098454992 -0.0893607583965201 0.0238512792512021 0.0148848482731513 -0.163315687453364 0.321365442992618 0.00263854648675295 -0.00409839479545539 -0.0458782231507741 0.0233740268680537 0.00110830563971048 0.0118090610995097 0.00143761837207142 -0.122927818801869 -0.000751956407580431 -0.000199868432176961 
