 F00 F01 F02 F03 F04 F05 F06 F07 F08 F09 F10 F11 F12 F13 F14 F15 F16 F17 F18 F19 F20 F21 F22 F23 F24 F25 F26 F27 F28 F29 
lhe 0.930967765970397 -0.47372224230441 1.20927172385101 0.354225930983437 -0.0184103559792013 1.74606973622805 0.0342691929523181 -0.926178184037095 0.675206493754131 0.211195216441499 0.0855357899007014 0.00553236246414383 0.0135526158297605 0.316183581408369 -0.0925206688817279 -0.566735096723488 -0.343872453281761 -0.0258870695227757 0.229219755287 -0.557169881594235 -0.679536582601895 0.526269598199209 -0.208631970714623 -0.190053871714238 -0.416587549065825 -0.0221656827679206 -0.399859599824151 0.133302532566139 0.198204305329432 -0.00492457588956984 
rhe 1.01211469352041 -0.253518343533781 1.17187134311076 0.401378313055323 0.18227815910827 -2.79851310779834 0.0961343366800541 -1.14741421229852 0.29642776283654 0.209095749722863 0.152817248414366 0.293060558996318 -0.00457018078334614 0.0538939202762419 0.445638702340836 -0.643390125924566 -0.375402834023533 0.418911818723659 -0.301681557103326 -1.22307207383563 -0.419649414374497 0.20926470673843 0.759652347055254 0.19554060136687 -1.23051197362137 0.34400930925894 -0.439375699351397 -0.232300156573428 -1.62835520844326 0.57591035669161 
LE 0.954137673376301 1.33894713377329 1.30659097164835 0.218475101670434 0.0441028709447329 0.411479644338517 0.059413035321518 -0.98671349864289 1.49766279508269 0.120835548055278 0.26913969805138 0.102156626016429 -0.141375005025811 0.133198329043551 -0.0535574125194146 -0.697937638795466 -0.491738817631338 0.0193696300252707 -0.145028466324278 -0.903597630202284 -0.590089982473969 0.290935424482091 0.0176993420966175 -0.0510185311545562 -0.965835303091249 -0.0647356310269277 -0.445714014697907 0.0412463031076328 -0.737968817303904 -0.21816467945743 
MiPf 0.991938024242176 -3.00042116704034 0.191972999670423 1.10932821495682 0.0124340820788097 -1.37754142049517 0.411294956501705 -1.26994788905491 2.96558726005717 0.580453252748146 0.578257728064162 -0.0804804117404488 -4.72772555787304 0.555545799284789 0.00598991817717462 -0.860157413150681 -0.560743993254913 0.242802600924655 0.00886699814648861 -0.82838755023326 -1.09871711649625 1.27090922031294 0.048684303144307 -0.0605191118439091 -0.954158849823907 -0.110678211200142 -0.420963469531589 -1.82703577513912 -0.356666334920723 0.349124390478429 
LLPf 0.972557399032711 -2.67369838616136 0.572197197139116 0.835592109201737 -0.0136363935160914 0.336525149222934 -0.336254087372777 -1.15228657498549 2.27724339558401 0.453650194994046 4.5913598415495 -0.123250488641763 0.878349242992461 1.03362455777477 -0.0170214782513388 -0.715126182719309 -0.469581210042212 -0.0192766940693995 0.414553021742453 -0.691988914545471 -1.0571849106267 1.33431413723419 -0.213839829642962 -0.0264761505536956 -0.566659592184678 -2.00003199279013 -0.250021824096398 3.0496610299981 0.521790634669955 -0.100898472916266 
RLPf 1.01420645312606 -1.90255422510445 0.26798465334867 1.09191719264161 0.032265496971347 -2.2809388659066 5.19921810664184 -1.26999697219449 1.62224309345222 0.619564872690594 0.784359488814274 0.0566417257369088 0.626904713457126 0.392178715368518 0.649758550230945 -0.80957176094557 -0.444475959796018 0.0813111590257592 -0.194862785002814 -1.05885752129443 -0.978941771307732 0.720818460789143 0.473221227321469 3.49484626273597 -1.17251724217238 2.55891935713974 -0.378191658129336 -0.208249668735971 -1.10292396589545 0.529012714604404 
LMPf 0.991084813903329 -1.42474327271674 -0.505814638269538 1.65081432783065 -0.0430498537848634 -0.67904462734057 -0.456247456836617 -1.25512612471898 1.81587860574836 1.04692424772268 -1.36390081882592 -0.126043466275281 1.52991512602267 -0.328981696019259 0.0722598500212241 -0.741960727671953 -0.589868064685455 -0.0518123338016187 0.693392058941426 -0.743515440788635 -1.60754078532026 2.24543049386769 -0.242428888718795 -0.171750367979479 -0.921979267681842 0.0994036770543254 -0.345656854058863 -1.4026292397201 -0.0496753494325412 0.301668514976886 
RMPf 1.00642597151586 -1.24629227990744 -0.644270080835397 1.81443864061618 -0.0354401981701848 -1.05060149318765 -0.782556409258771 -1.29883355429049 1.5529089403425 1.15905580400142 -0.950222213038884 -0.0690344564802005 1.23507481843426 -0.219953363090631 0.40008764641203 -0.805329726517134 -0.597282835165835 -0.208275592062814 0.249120689832961 -0.879616774806603 -1.67464605538076 1.60966481479812 -0.0519965558525243 0.598224529734211 -1.08399824871797 3.39646829870454 -0.408562454772057 -0.534478000299128 -0.54012818780256 0.521494132648553 
LDFr 0.975834953305137 -1.01102540342838 -0.308682874856849 1.28264499349571 -0.061655508801247 -0.0938015816363416 -0.241532098832884 -1.09594165851215 1.22007593367819 1.01930662763709 -1.67273911764577 -0.0867422298691824 0.751580681305948 -0.668614298923831 0.0455712562556281 -0.44778669946972 -0.177211991472084 -0.0318167729578694 1.64660301579528 -0.547814306064613 -1.28756937732603 2.08061392958436 -0.343454006812523 0.0511976285524113 -0.121848967328804 -0.985782034187251 -0.415364907868054 3.48166190659688 1.16613812202491 0.641218474981928 
RDFr 1.02137233528908 -0.779122624625391 -0.605585639983307 1.47644627422694 -0.0504384706607621 -1.20407025128452 -1.08709645271319 -1.19389126645682 0.843962853186063 1.1587475412995 -0.712448255125602 0.177188732545704 0.681077148710252 -0.231779108449827 1.67496680244893 -0.521306590598499 -0.0573012023910443 -0.472243510034385 0.064734577657753 -0.978387948314658 -1.38190353347063 0.697809918313129 0.430500929691741 3.51620243440373 -1.0836278865946 1.7608246106961 -0.179874586294381 -0.243625279991391 -0.65992051384077 1.17145704547178 
LMFr 1.00695652488303 -0.767277054364531 -0.934674469017374 1.72850936286948 -0.079640227235607 -0.49968580889849 -0.275932744252661 -1.22056131303015 0.869960797356364 1.52349800097799 -0.756425231203754 -0.0722629453451129 0.647832146514841 -0.181465692070997 0.165744957506805 -0.422731725243692 0.00654585644847276 -0.0604006650514405 1.51182701784104 -0.74429630005362 -1.70647305615184 2.36888692693001 -0.499378911773079 0.197763998484759 -0.937876776934217 0.103901980328027 -0.320684465199759 0.339428648750499 -0.0880823239501117 0.635593354383579 
RMFr 1.0207952199665 -0.672280296764264 -1.08985212433744 1.89658369428161 -0.0846371146066838 -0.774950080250333 -0.451396176301877 -1.2678520684434 0.725411364732665 1.64375129308545 -0.514042091454585 0.0463204021939459 0.578373190595102 -0.101859023491912 0.912931268727546 -0.477126988109666 0.096105602652487 -0.143464730781556 0.428396667596262 -0.901083763066041 -1.86127356859919 1.01370941996962 -0.30415320819434 0.803423012933899 -1.27768822045842 1.01760623555982 -0.134497853545224 -0.128525037950303 -0.534104064440963 0.435946689023691 
LLFr 0.929215471531895 -0.630760941591726 0.449940877422326 0.627931147100269 -0.0486127347372404 0.651471287729274 -0.0197793560108653 -0.793463155665495 0.547585355500266 0.514364840554197 -0.518319931925252 -0.0871611400762791 0.252733598938447 5.2520370122528 0.018459893305201 -0.306965544305054 -0.0426384641478474 0.0841107251470238 1.12505218896747 0.00334467140174418 -0.846040095556156 0.957886302463131 -0.27435036884145 -0.164441675078381 0.446648147292837 -0.495080010581377 -0.245354354715523 1.40812703331419 2.17449396038321 0.470129993957881 
RLFr 1.01639100454451 -0.507211539461771 0.171382775782609 0.778113761726111 0.0932801402603263 -1.64489506810638 -0.0135069766870162 -1.16854933487252 0.341092720207513 0.634695924239668 0.0251992415168181 0.436572140788658 0.181144833727604 0.162542243515248 1.32818357175504 -0.491146371929499 -0.0752697709632427 5.4188548461583 -0.157439191539532 -1.06417131343511 -0.377112887067185 0.288346277558154 1.34378318195998 1.28668578759693 -0.986981433300417 1.0089674184781 -0.322783473867764 -0.115798928814848 -0.964934583427933 2.21542530348605 
LMCe 1.00761344509851 -0.424605594212385 -1.07819031868635 1.10384750935833 -0.105813705460612 -0.368443390652637 -0.138112393945587 -0.881801152190296 0.430544979773056 1.53242075993394 -0.363640476762677 0.0327831373559428 0.326848035689079 -0.00453015907164257 0.505349506254307 0.599155232165711 1.38097187205577 -0.027942929500779 2.7443400947641 -0.602325785966649 -1.27102893011991 1.06042929052944 -0.614396912729007 0.134382225329614 0.0404384115849879 -0.164795045113973 0.159355464792928 0.34641217174046 -0.0665584707531981 0.179518577082302 
RMCe 1.02663244627802 -0.373617803010088 -1.23633145897744 1.13276157920501 -0.133479650629715 -0.685741011405044 -0.246620083412842 -1.04103888951395 0.353193668264647 1.60230274267975 -0.235563530967264 0.536686323303254 0.307446752476127 -0.0100462573795136 2.1427667690718 0.448636334242823 1.453053651519 -0.0550690487910128 0.359695027639871 -0.910185121968421 -1.0958624808295 0.666289712211547 -0.0996113251620798 0.554190109177685 -1.13313183642655 0.496110814735635 1.01636105882258 -0.0667017558687487 -0.682293706862409 -0.112048755612944 
LDCe 0.965224938378856 -0.50415648448896 -0.478263749807723 0.859223957564634 -0.0808333310174268 -0.027681845419673 -0.0763073573157436 -0.684172238423787 0.451642383639621 1.02781699388326 -0.429081636542799 -0.0784227702808924 0.285973660876521 0.114443789121449 0.296133811593296 0.235345624902087 0.650020766264365 0.000617926746430286 2.87162179969168 -0.339687973682051 -1.09800562081221 1.20402874033295 -0.480643227356589 0.0715045683076232 0.97413064524413 -0.309129350569148 -0.0875240758719898 0.657992805526253 2.95499293532749 0.412585428872438 
RDCe 1.02152052478255 -0.412354228189826 -0.855227258605387 1.062207868641 -0.117390573251353 -0.953599830968882 -0.31664369689355 -1.03826716246428 0.352996244357523 1.18590297342576 -0.218703079959851 0.67929095275651 0.293732064242858 -0.0110204000600283 2.76555060163269 0.0493281476637141 0.711999319255075 0.0107972724538092 0.0380381465398889 -0.969860342716177 -0.448502800046969 0.364662863515565 0.867410711385769 1.13027399960561 -0.88153017761666 0.780027077781589 0.322238869104049 -0.0473745888555635 -0.735049365323133 4.44226299473409 
MiCe 1.0200758371733 -0.460558117672134 -1.23162466037613 1.36517387793679 -0.109258406452672 -0.558931842055271 -0.214269741820993 -1.1605366011199 0.453277336676419 2.05684329847802 -0.345073249583861 0.07941267807127 0.369079354060905 -0.0305158368453991 0.613777875419157 0.0788736910596241 1.32315732919963 -0.0616023483911761 1.10176888263207 -0.812017200115124 -1.48979579911035 1.05756245329399 -0.530397711375001 0.324392724330458 -1.15140186099493 0.187479832158187 0.0918092310139933 0.112772632332624 -0.489127134699778 0.602682642799996 
MiPa 1.0232076675035 -0.253526102898473 -1.38758362130681 0.924229128742798 -0.138628084507622 -0.485320593673632 -0.12384545080534 -1.00414696573729 0.217119267833527 1.34721638506885 -0.171859518689331 0.443816129774507 0.224123676627708 0.0236562525447067 0.870386164606507 1.3496458873322 2.49271718723632 -0.0292993039450553 0.856008831668271 -0.796836894605272 -0.609074329893991 0.59554778033353 -0.631777610100513 0.191623207361791 -0.402839229727795 0.102645787726973 1.05545844827201 0.046754144886775 -0.549528422268645 0.146432722747559 
LLTe 0.889165989992874 -0.215771326255475 -0.361846697085863 0.321370134456318 -0.0447865665276848 0.00823752912843773 -0.042623593587351 0.19896530270006 0.0627174727928256 0.421617696814038 -0.212324152666213 -0.085381006446415 0.117740536499694 -0.0114561448092776 0.0696151715556502 0.529585366962558 0.541134273092203 -0.00115841336256727 0.828953399191594 3.07449777198978 -0.243397095016725 0.419152807965172 -0.268063543188442 0.0223591176634202 1.46610895253089 -0.0534568615251963 0.132241735636496 0.212342591873242 1.45174282438639 0.389153379613819 
RLTe 1.02350819230213 -0.1608044247149 -0.810958083576176 0.406406555539211 -0.444979941754337 -0.830976796415803 -0.0117158395835579 -0.725987379745011 0.0145232491475784 0.600442270189193 0.0625703467905962 1.52708261285379 0.0521244988569336 0.0948788123705265 1.53108651017576 0.134517218740998 0.583695156175704 0.273668223153685 -0.278489207880963 -1.01628845047093 0.759405881034084 0.00807043538226476 3.86021382425275 0.30000980855153 -0.812767441863441 0.267033428584563 0.556607277845213 -0.0391062027814153 -0.837293121052078 0.283456775070336 
LDPa 0.99445492872439 -0.261489305142795 -1.03302744416617 0.66614993631222 -0.106439293333893 -0.268074784770554 -0.0772140906312915 -0.233172318587595 0.198433409363176 1.04138847454169 -0.202170865017616 0.0994470996518523 0.194384482368424 0.0656562677999833 0.355226885836579 1.27405542306921 1.45393799273116 -0.00869926524427363 1.79737474249381 -0.292053029167777 -0.529932531236175 0.636057972361977 -0.714542460001254 0.0931066585497962 2.33992399062691 -0.127706112099019 0.434778792210882 0.205824565094533 0.407861728780459 0.189051382967943 
RDPa 1.03063072838139 -0.199847523314842 -1.29481984329204 0.751425922859844 -0.21449999419445 -0.627714311803513 -0.137641454791653 -0.882432446958777 0.136209743535337 1.1278208294928 -0.0939465727836811 1.6231043479038 0.17790912969403 0.0280620995513952 2.11639436694079 0.999445114619269 1.5610926434637 0.0235572030301553 0.02772988425001 -0.95752826257999 0.765684002847326 0.257717504766239 0.213981473184883 0.391457699820015 -0.834206098572848 0.365511596999346 1.86553476535566 -0.0554732510238299 -0.730067019125694 -0.248937655226286 
LLOc 1.02451128609606 -0.0561357680815988 -1.26227826521867 0.0398878421261206 -0.126755136515072 -0.300764320865013 -0.0475143919930809 1.35288531222072 -0.0482876774458679 0.319011692783043 -0.0266800138918444 0.0954060832313101 0.0744223980286118 0.0425498207917087 0.0862929869321425 2.14949936911443 0.86403017754653 -0.00288124767935771 0.205954995442476 -0.734356839131145 0.322033361570655 -0.0276325042521511 -1.0837398188141 0.13357541841675 0.586678340501246 -0.143940263559692 0.693381398687635 -0.0279223717600178 -0.383964650647998 0.229199242540243 
RLOc 1.04144327654042 -0.00224423840698814 -1.47999880606682 0.103183454428803 -0.288916182442564 -0.476664073697151 -0.0710283448179761 -0.122908367585956 -0.06076814707347 0.527086246702805 0.00299663971605445 4.23142598592261 0.0824389998656753 0.0369250480626993 1.00235944761455 1.35340648718568 1.23629657004671 0.0340959892067437 -0.297374689840896 -1.02063508956666 0.851170122654483 -0.229707013228332 -0.26916792364331 0.274648482018371 -1.09409681714557 0.206248229654238 2.63970746225167 -0.0611650304271519 -0.818691732279529 -0.238952688349614 
LMOc 1.02464001439288 -0.153355280986276 -1.41099606906445 0.556852401643271 -0.141259097159659 -0.40002077857714 -0.0845964849346944 -0.662568384300032 0.111561599613275 0.980122355000943 -0.111726534656243 0.532248665650653 0.159132111338873 0.0402566550398187 0.538193234581286 2.49580132052257 1.91558209817677 -0.0166448571800223 0.669098620071279 -0.74421529274928 -0.186447539414717 0.340498744121195 -0.831262508329101 0.141328707278738 0.672051000782372 0.0250067673408029 1.06958967164309 0.0272613535376735 -0.438772543365393 0.11579994502587 
RMOc 1.03412794533439 -0.103860249716748 -1.53378793516465 0.462335077515603 -0.189977273661426 -0.477257310657759 -0.0950195283627779 -1.02439147665093 0.0534577573900978 0.882699315223113 -0.0669308457416867 1.60416755320283 0.142539830509534 0.033246991202108 1.04181540691738 2.07254826894547 1.88939162586929 -0.00198041070784606 0.0565642717602625 -0.923018625372857 0.349654095430989 0.129793777128695 -0.610790757146676 0.2294273113258 -0.75383842338714 0.179250710287197 3.50342211740512 -0.0785014703015107 -0.685467416252442 0.724799350475766 
MiOc 1.05501231621014 0.0247936076170704 -1.67972304939474 -0.466307093583207 -0.202917344093468 -0.365517722387324 -0.0555737931594919 -0.564396226269973 -0.126840621324472 -0.026020153498611 0.00649663079789014 1.42960314229741 0.0681983207852313 0.0258427484606386 0.310090802311108 1.44041057481481 0.631060333706718 -0.0141152046426834 -0.21599095436509 -1.0144281227458 0.211823919596791 -0.303355949202891 -1.43359836929802 0.133672269344936 -0.681289126252469 0.0154572705307625 1.0635352629463 -0.0608502694895129 -0.876745262500156 0.0931087434378285 
A2 0.953521739687657 0.0144006708537715 -0.143495179166093 0.0340967077446446 5.42166837025844 -0.820565443406768 -0.173613104003148 -0.709165597925325 -0.0342725668079098 0.141735927105137 -0.0866771709888201 0.924966853415209 0.117159367427164 -0.0440836429036851 0.783853458691252 -0.20022536869167 -0.0336454060455981 -0.0799254836989588 -0.357719045468077 -0.981663529740599 0.439859123227327 -0.20325837752453 2.13831866823355 0.630808996655964 -1.16920170061209 0.213656091264227 0.0475845859168661 -0.0253723567476984 -1.03264150440943 0.138822126897419 
