 lhe rhe LE MiPf LLPf RLPf LMPf RMPf LDFr RDFr LMFr RMFr LLFr RLFr LMCe RMCe LDCe RDCe MiCe MiPa LLTe RLTe LDPa RDPa LLOc RLOc LMOc RMOc MiOc A2 
F00 0.0206441176969869 0.0358199369753155 -0.183948997095395 0.103043761539401 0.239670455293244 0.118658600175804 -0.072161619913099 -0.123963701569412 -0.181009370711857 -0.0289209577537816 0.0828449657846318 0.054823211752448 -0.040554772416409 -0.0721326436258589 -0.0300532083558671 -0.0197045481775821 0.0851029584831252 0.0355544833765415 -0.0164387224434172 -0.0367418376846175 0.00648849138478586 0.0117668408061883 -0.00966154150413299 -0.011152673033475 0.00630629246891186 0.0048271137307766 0.0246964981523017 0.0607462765381761 -0.0461806442340305 -0.0080583707161032 
F01 0.060734072167413 0.241494299358451 0.261988430325924 -0.00739264567915771 0.192490390228406 0.0318438031183046 -0.0944235635686128 -0.0654952530793647 -0.255453395140606 0.00912759370059543 0.132560820683991 -0.0331237476986514 0.109728840024794 -0.159378338356263 -0.167061757243621 0.0141605654758698 0.202042392074537 0.0723440660555231 0.0934548959647921 -0.267108165676666 0.219596126760786 0.013229588832515 -0.0760685856101737 -0.13031379448858 -0.0371659715164558 0.0883366756216086 0.325351894373422 0.319453133622347 -0.342735872839045 0.0132284546930002 
F02 -0.0265252646162871 -0.146704430978482 -0.151646323470681 -0.0900660779223678 -0.0622495093668184 -0.0165743395636009 0.0304918234558441 0.186366715441671 0.137477839771814 0.05228398590343 -0.0895926962636586 -0.140614128202113 -0.0191497888987687 -0.0342733989897448 -0.0969551360987248 0.096102945189006 -0.0231819411878591 -0.127540114042272 0.0861252091822079 0.138527865128296 0.0884671431873413 -0.161415870279119 0.182908646772195 0.0706183481779182 -0.0643871829795135 -0.105137291027387 -0.279900781240983 -0.18017309418793 0.249805928647967 0.626869177175995 
F03 0.00218634418265694 -0.039741784659809 -0.00642050732713844 0.0202939910848707 -0.0126687410719645 0.0013351256171588 -0.056378777915116 -0.254566245014451 -0.366940875528871 0.177387095634679 1.65695460601566 -0.496580602184323 -0.0132127990902245 0.0240760147555921 -0.514076039008164 0.194145698062461 0.0130254917841771 -0.0200378840171279 -0.67252173325852 0.393848597397898 -0.00999387216866575 0.020370061372503 0.21816261528615 -0.144743605065648 -0.0270742923529678 0.0198227070645286 -0.0919730430713158 0.109940274044226 -0.048841138530528 -0.0467047177048257 
F04 -0.00742298345531259 0.00417483622462855 -0.0172050618535143 0.0462215838004812 0.000427572840399547 -0.0677768846652839 -0.00890443951466413 -0.0884237830631561 0.0640905739075213 0.0967540549590641 -0.493841179798168 -0.00622796963615624 0.00623905688275794 0.0184705598943959 -0.0985785877022597 -0.223049770288284 -0.0133470755716544 -0.0552505383816666 1.27063624630233 -0.726515508697874 0.00353214195927071 0.00179473713678462 0.149256878893562 0.221997557275356 -0.0590325802018201 0.0066435587500575 0.138362232703745 -0.024807975015938 -0.0290091005799115 -0.0797643901451867 
F05 -0.00284481637742183 0.0185435368311928 -0.0104886538009289 -0.0381790606428109 0.0132410144252903 -0.0366989697785391 -0.00334267313813992 0.221772639831614 -0.0220117436163968 -0.20315265161994 -0.301245876090492 0.331575268671569 -0.0128216299272557 0.0225080537428867 0.00172453057019224 -0.201950066850932 0.235583417668842 0.0634272403070671 -0.479950390050214 1.21429258721309 0.144611136932146 0.000667830332632088 -0.661442243463609 -0.0288233360588507 0.0958220201435113 0.194951959083729 0.212841266056726 -0.487518105860783 -0.140161003612585 -0.087471645257616 
F06 -0.00241960989255419 -0.00229678436710891 0.003081719448364 -0.17502745894856 -0.0145649558080724 -0.0626416965357741 -0.0245419844787065 0.960885758876784 0.0213425761674743 -0.336788237441772 -0.511205204228837 -0.049423113159091 -0.0197514321741139 0.00742361650623001 0.358013031753937 0.00188671333502903 0.0636223598136353 0.0101414038005597 0.121261649986302 -0.199217418338271 0.0342412576750494 -0.0261158032348118 -0.356390687276166 0.0752321640388283 0.0937261984257699 0.0616349067620605 0.0753443148808425 -0.0560482177586583 -0.0460429944836329 -0.00496822181517928 
F07 0.00212013531412258 0.0508203213333867 0.0362787705261519 0.0195438517342794 0.019039854449747 -0.0278425175333507 0.00775297397307178 -0.0228802232226641 -0.0239007321250891 0.0361635667193089 0.0123585978094768 -0.0204728732641003 0.0167871148034978 3.37434274021111e-05 -0.0687874714117781 0.0189783563550777 0.0185692004192127 -0.0186730665300817 -0.00904694046128937 0.102364067699988 0.0754368583456564 -0.0193766867821634 0.110457411699666 0.0887062307458551 -0.28528581614751 0.228057498498346 0.00223756295382349 -0.354577861872179 0.300546829157712 -0.198848314317719 
F08 -0.0190466252373069 0.0236783078506541 -0.0232631029773734 -0.00493872957920309 -0.0265264197003566 -0.0205516847773122 -0.0173264882972127 0.0346428388643939 -0.0314242247679569 0.0394856806401475 0.00826509864786437 -0.0924093360469171 0.0212387405898116 -0.00174375924403342 -0.157542675942423 0.0724663918103445 0.213681465248149 -0.0486437628909547 0.0704135161528872 -0.0155211140828423 0.605972953432059 -0.0111340032807094 -0.393464200989452 0.086439674666522 -0.171650181119363 -0.00529958429956294 0.131936579930426 -0.0554713124743019 0.0205932080734285 -0.0605146476427901 
F09 0.00580793833875021 0.00753490674004544 0.0337472998126666 0.00259940621495723 0.00745855806857909 -0.00458213619076882 -0.0102759337957511 0.00749998248988327 0.0292313781298897 -0.0228090665803715 -0.0742626820626694 0.0471414992852717 0.0270049076617772 0.0380375598948325 0.112448085019273 -0.0728011398680749 -0.0107305400755969 0.021969242510683 -0.0156257307838208 0.0863940415546235 -0.0558897972389592 0.0329147995581225 -0.173507054903919 0.0845795163739978 0.402181824807636 -0.219653877702534 -0.237929873495563 0.0556936638272338 0.117377976945623 -0.0860629086168612 
F10 -0.00198802495350129 -0.0280462688254608 -0.00928435998888633 -0.0597463816965885 -0.000955890090907657 0.00214050295733886 -0.0149049563197321 0.205645571297256 0.0767621892960488 -0.119680102989702 -0.26273094290999 0.106087772296385 0.000787387458814518 0.0432890638957119 -0.0605251180964675 -0.122235795308131 -0.0624729322007527 0.085996444217153 0.241456293410728 -0.449234567125328 0.0250743031801372 0.0341921120983723 0.259731810942648 -0.286782912174782 -0.120704279709188 -0.186428343540189 -0.149980504974282 0.868467786244571 0.00747224987075605 -0.0104252224246025 
F11 -0.0214424803191551 0.254660862082156 -0.0859074374380401 0.0153864664598095 -0.136368908187404 0.0221503540338329 0.00152939964367825 -0.00571928435213276 0.147839017548884 -0.0290655946473602 -0.0554222907446496 0.0207957371096929 -0.00675434077746382 -0.063845844366656 -0.0023434643017782 0.0279349928617214 -0.0451776312925282 -0.0244910681711242 0.000281179469489566 -0.0105065036287485 0.04465054247296 -0.0251858593853715 0.0220861231350392 0.0119336943165478 -0.0127057354678565 0.0213408618059949 -0.00822073729580657 0.00360523248950228 -0.005497623661952 -0.0838722983025709 
F12 -0.00147069084849348 0.00227476492524853 -0.0106134574310034 0.0131546864344594 -0.00178476760317877 -0.0292492647480798 -0.00877155567102596 -0.00446898036867574 0.0576904043295236 -0.149819088312628 -0.0600721901160344 0.160078162031794 0.00189093598146799 0.0454711037896792 0.11682274635931 0.989246827486552 -0.0743735181100608 -0.0880816471971367 -0.478448129635861 -0.308950053610751 -0.0106593763053233 0.0191869740538101 0.0997716816853946 -0.306610665092991 -0.0454140614965756 0.0264389160248426 0.0470311913222197 -0.0119209358804084 0.0225814962791457 -0.0160020521152913 
F13 -0.00287263442527796 0.0232986942155824 0.00209950819969102 0.00366207740388549 0.00426388695987627 -0.0087352373290519 -0.0106553844508051 0.0236132558267794 0.0425187298918636 -0.0631772406149075 -0.0798740817569596 0.109904444134959 0.00147868801248985 -0.0254809444869868 -0.096997140436801 0.0917388254099272 -0.0662862785009927 -0.0141241978372836 0.0356089545578733 -0.225488890365898 -0.0535972223100642 -0.0285548818748252 0.247538601548593 -0.0714517132394593 0.235983938774316 0.227564658816741 -0.121950963907346 0.185579247380098 -0.287233121009024 -0.0379546365244855 
F14 0.00069960919854617 -0.0698730819225189 -0.0185414057048468 -0.0126710660757254 0.0196014001663049 -0.064779406155684 -0.00875590079600515 0.0678634573987791 0.00862745744832599 -0.228273298016137 0.0274715681708322 0.0416025461820138 -0.0101129287517663 0.210310677732905 0.0539669308627416 -0.45228037851582 -0.0801668642889258 0.501049044827756 0.0352736035631608 0.117864219555167 -0.0154348064071627 0.190113841687473 0.0224601276062698 -0.229899764588761 0.0192055231303056 -0.00192968704582696 -0.0364819539862184 0.11294268148321 -0.0263661075770785 -0.170483012743432 
F15 -0.00110280166848859 -0.0221313050415348 -0.00351677404009682 -0.0141501851550488 0.0260223196450895 -0.0475959201370039 0.0124006506601023 -0.202696751730728 -0.0217128239268674 0.657025804027429 -0.00353687498531978 -0.0882954988084807 0.00257056568451056 -0.0507612285408282 0.0225272449947252 -0.12319239470985 -0.0362935248687614 -0.219266121855744 -0.0107050200344615 0.116624264920062 0.0218079196459297 -0.00899285308415624 0.0116688085425183 0.019505906792159 0.0165583306564417 0.0552746351879035 -5.52860856932757e-05 -0.053603368556318 -0.0361575970396621 -0.00826413076008052 
F16 -0.00068659762137551 0.000827126043136619 -0.00268220489284704 0.0110997294256443 6.42303389660767e-05 -0.00510502807673675 -0.00678694046517076 -0.00427245612906362 -0.0801450233982995 -0.00645582928493595 -0.066337206136835 0.105834051210344 -0.00245010518958592 -0.000748312194746244 0.793551462127883 -0.124542506746713 -0.00856439473038774 0.00733413420437935 -0.243625114497144 -0.210813515576754 0.0406709706105459 -0.000553168527356398 -0.300643046421884 0.0711237450645403 0.0145563775237256 -0.0152043020026238 -0.0237255743179804 0.0912090640421858 -0.00478353698747192 -0.0160464167554016 
F17 -0.000982853920113184 -0.00509244108958931 0.00711072993592333 0.016837618478561 -0.0091198538399133 0.0335944235142054 0.00406148888401291 -0.0920217298682659 -0.0285434220195372 0.0456197794084576 0.0748819974794106 0.0260006404508344 -0.00287805568377111 -0.0302773131752342 0.0297803922958079 -0.19054567064745 0.04312325962904 -0.173932260984616 -0.0139171190860285 -0.0258015573266104 0.0257731613155726 -0.066878716623598 -0.110855481385077 0.761719110832521 -0.0555092299791643 -0.174782329299089 0.0747516795762855 -0.269583384235024 0.0863134019114899 0.0139840350783222 
F18 0.172587264162089 0.00654607414786722 -0.0634936400547003 0.00933518358723323 -0.116064679809743 -0.00215428676744447 0.0121973356900761 -0.00232273722293383 0.0725559676200776 -0.000409304354890184 -0.0166351579589963 0.00162249632464333 -0.0678468590424424 0.0116363455927239 0.00890461698743117 0.0117779153019187 -0.0164909972339799 -0.0143120603714012 -0.0044815980605883 -0.00285473034925716 0.0163460265622039 -5.42112953853517e-05 -4.85160909239976e-05 0.00314189925600893 -0.00526104831801582 0.00452886141991103 0.0175340806310094 -0.0169485097848968 0.000931895398808638 -0.00246650771219097 
F19 -0.0111246320210169 0.0021468026109086 -0.0153296286895771 0.00192576693838984 -0.0924217266597709 0.0105635094297599 -0.0315114037391799 -0.0562007044229812 0.621077868333488 -0.115031341325864 -0.356923875298929 0.185530785244354 -0.00363802647649132 0.030702471474998 0.18379457384018 -0.0748743742643817 -0.321875704343906 0.0419916329213131 0.0449447024314709 -0.0507543358199371 -0.0292270401370857 0.00389542960985178 0.00311330868475369 0.00939587873602746 0.035922546018204 0.00205046634377978 -0.0250516923045921 0.0260771713336359 -0.0162159721190067 -0.0124507891398509 
F20 0.000984389050714814 -0.00534813408154139 0.00140999521248007 -0.00587331099960121 -0.00179742580105987 0.00197306942318005 -0.0274052171939391 0.0847472361755664 0.0543807989628756 -0.0582357052576322 -0.0677880294558918 0.0157533359610679 -0.000179714406266833 0.00694547243481719 -0.265434982310239 0.0208961938064636 -0.148859675815906 0.013540639075341 0.0459121211105376 0.0461787725940609 -0.0937431037926289 0.0058758300952074 0.634431144265677 0.0259461161107311 -0.167493477830698 -0.0186317773608964 0.0013816860713539 -0.186807954508081 0.0673530396076954 0.00545700409845763 
F21 0.00276471614249367 -0.0720303449964624 0.0335632272884393 0.346160784595741 -0.274609756404356 -0.0220250064511007 -0.073166282745157 -0.19130540207417 0.195653872134709 0.0369168663188875 -0.0657107877519944 0.0997824865625975 0.0306986074029314 -0.00119034816208821 -0.0106928813029746 -0.0381936149513976 -0.044535122732448 0.0119921258030785 -0.0101529059304017 0.0257649221418794 0.0320475211732925 0.0152645708680468 0.00176967146713391 -0.0121314932515081 -0.0180646177658521 -0.00471936798735214 0.00381953365937381 0.00525128231291439 0.00063558950898681 0.00856392291547759 
F22 0.000350671058981578 0.00728112399364191 -0.0011648399582903 0.036340634072246 -0.00169807014329127 0.00615847208748955 0.00296469490174399 -0.16600653327314 0.0171075462033912 -0.0788477559305235 -0.106698858803884 0.513733381062836 0.000440193418402516 0.00192848551863519 0.00418348284915882 -0.224267790478705 0.0214141802882927 0.0102008644531252 -0.199282448183193 0.132230399071515 0.00216767116070396 -0.00631818249957802 0.0253622600865793 0.0535135105642278 -0.0132700121194777 -0.0197108515326112 -0.0544116357255439 0.0040868509705266 0.0201003183142688 0.00977632921715013 
F23 0.000632521612684861 -0.0795470523753269 0.027666748239842 -0.167275806255018 -0.0141032839721282 0.232213920436551 0.0363421219316392 0.0505726312300698 0.0353687415407817 -0.166532871776131 -0.0216550642005085 0.0275803741061664 0.00704016248270316 -0.00174558827262361 0.0126078997214872 0.0359168257236751 -0.0264723795266898 0.0601182343851382 -0.013385667006853 -0.0126064396095946 0.0148012345463604 0.0136579345750611 0.00878030937623774 -0.0651757169940864 -0.00131801138074392 0.0184184155719574 -0.00145958282174721 0.00569950837824874 -0.0042038386635293 0.00105536670329049 
F24 -0.00133898136789575 -0.000398402540267224 -0.00226031771719915 0.00739568960577341 0.000227037412255676 -0.00161331938342411 -0.00725144597279249 -0.0166585581000129 -0.0126632653665607 0.0019861654166171 0.00549911527114095 0.0295575961277405 -0.000668530931447406 -0.00521519704413567 0.0321349026141845 0.0144237591691437 0.0539962061033423 -0.0176917288330944 0.0373408878708096 -0.202581804819118 0.0383431273686759 -0.00640249323306208 -0.270192714155973 0.129344718685574 -0.0509798803031684 0.0245672158193942 0.504346683163415 -0.272739027461317 -0.0127534259226051 0.00153109433857387 
F25 0.000112107092074026 -0.0121537994037602 0.00373756343544175 -0.053163253855767 -0.0147330895037908 0.0281025984678825 0.385206068540533 -0.253153921008875 -0.117665939556448 0.0527426573872458 -0.154031974534297 0.0775453544867413 -0.00438918799561782 0.0133996216170214 0.0315395560182505 -0.0162778263723467 0.0567594422726017 -0.0296885003359525 0.0357007911273344 -0.0292521611057775 0.00508341585936829 0.000726218722783866 -0.032540567771091 0.0192673774086989 -0.000618008002568817 -0.000323725347785181 0.0183168291184746 -0.00255518784438095 -0.00340914206118983 -0.00277416182393796 
F26 0.000226928840234526 0.0208090308149902 0.000845423446841532 0.00186358972935598 -5.98063802150625e-05 0.00447990283690726 0.00529500559343185 -0.0212232261521859 -0.0071483229942573 0.0427904176394476 0.00860408093075959 0.0038498415125477 0.00801550005053989 -0.0656090032231833 -0.00191296207920486 0.103047953378802 0.0086389593134302 -0.11209151666988 -0.0293876704861861 -0.0194633670367019 -0.0170855077274264 0.19155475721846 0.00932874940641914 -0.0764196785188226 -0.000954155005302704 -0.0247480462193254 -0.00431242917175128 0.0256903286809391 0.00848267886987186 -0.0620554538050976 
F27 -0.00149738057929276 -0.0407366063447574 0.000323731844652688 0.0064433257433709 0.00366913085816745 -0.0270060292928128 -0.00619708580514572 0.0135485682211101 0.00441160222202573 -0.0263104065398233 -0.0145907075975606 0.00803064780531355 -0.0128315230197593 0.188234004158463 0.00628444016948266 0.123241849962284 0.00654962921880339 -0.19346313845927 -0.0209423279014642 -0.0357836588391675 0.00809080221291176 -0.0243750493547523 -0.0023709978179331 0.0451286300781341 0.000702356589561097 0.0101792125941994 0.0104907568204884 -0.0199398583502859 -0.00533448751030266 -0.00185051088447431 
F28 -0.0102052526299235 0.00263902784586568 -0.0176182088166616 0.00438912901601855 -0.0419736390571199 0.00893002919818047 0.0175157395730714 -0.00377468250551359 -0.0644763542017189 0.0168920293485132 0.0157878504887468 -0.018159737691971 0.210983432505516 -0.0212329572390808 0.0541898782393996 0.000793659779608669 -0.0862754006742328 -0.00310039906549329 -0.0117573882777249 -0.00183208251804208 -0.117747786918919 0.000867729463594299 0.0255183073216354 0.00653696609291006 0.0385871164956068 0.0045285357699648 -0.00659476438799521 -0.00627566938777933 -0.00774040112671266 0.00435287132171262 
F29 -0.000980802047811009 -0.00329720099138013 -0.00315051003742372 0.0014292274853828 -0.009607954685171 -0.000738270653007993 -0.006994138713126 0.012901598909581 0.00629803195563676 -0.0101082452473921 -0.0211631669002929 0.00204412456160331 -0.044034582248161 0.00726303505712552 -0.243690493590439 -0.00464265895588215 0.304377934332385 -0.00424573638380239 0.0542122723912428 0.0545696391632037 -0.134986502572731 -0.0020234601256082 -0.0250615755875327 0.0050001840151673 0.0288297398180013 0.00182276520971494 0.0337397222404932 -0.0212422030284151 -0.0037890766964589 0.00504512593143041 
