 F00 F01 F02 F03 F04 F05 F06 F07 F08 F09 F10 F11 F12 F13 F14 F15 F16 F17 F18 F19 F20 F21 F22 F23 F24 F25 F26 F27 F28 F29 
lhe 1.03529372526391 0.166813552654408 -0.302119695829038 0.0876759720818821 -0.00295366293687249 -0.999299891521349 -0.797375762234897 -0.21172175024676 -0.793647233722983 1.01459750300553 -0.150001140896376 -0.108329192147602 -0.925322725788419 -0.518288900316544 -0.545883944824541 -0.937569132221757 0.509902938572348 2.5241144996 -0.682552240648195 -0.268012774883396 -0.149282457509498 0.181994997036801 0.477378623702104 -0.278058735438861 -0.710279170400229 0.509748267202184 -0.185131383891218 -0.0102510846593939 -0.53247778006989 0.790810273703377 
rhe 1.17645454581477 0.283225303046214 -0.194299578730624 0.165715417161057 0.0884550022791697 -1.04008016126948 -1.01960277983985 0.0491492801256482 -0.600053725636175 -0.325080614709275 1.1525711622562 -0.824532356109032 -0.88468231682702 -0.336239223901684 -0.695433583847977 0.366817129309287 2.06438694546393 -2.74049438973496 0.400176209958627 -0.2428430322008 0.0544232515869292 -1.22009880209092 0.305513287714641 -0.17330956123651 -0.736727390457827 -0.629265338320981 -2.31935534460564 0.417856454999471 -0.153554706901646 0.284005452057947 
LE 0.99474377565144 -0.0181252373144087 -0.287411769354778 0.0495708582496165 -0.0310692134222028 -0.842904283032382 -0.988345201263971 -0.170285144704321 1.28008807976923 0.648320417031151 0.172723012432104 -0.544945322290436 -0.715391777242707 -0.309481752930506 -0.668019581877012 -0.496719380639199 0.807054838608337 0.342155100697927 -0.525846638753301 -0.24642477650166 0.0113702926168785 -0.659857625000495 0.307150090683434 -0.210716971761977 -0.459477807691646 0.699430828406008 0.819986562708232 -0.0194073966010821 -0.0536605937503327 -0.141979434905008 
MiPf 1.14189833295322 1.13152393474556 -0.126948480878683 0.697599901563757 0.21928107368559 -1.41839271863848 -1.5579274877012 0.204703067371346 -2.24075256755062 2.59571237344571 0.272959362743464 -0.191549551429568 -0.932648675137367 -0.767982445028366 -0.0113769764101998 -0.711056827743952 1.70680285845785 -1.08728999143246 0.483652999533828 -0.313567793670532 0.16028717138994 -0.63959925696365 0.351885946438159 0.165855325279118 -1.38014111943341 -0.181017235649165 1.95526419643018 0.168125250902991 -0.294387929221084 -2.65611430967179 
LLPf 1.13986392144052 0.679251450917393 -0.26113961139944 0.340974661095735 0.0791812469035826 -1.35252873073963 -1.14004131748836 -0.115224227747867 -2.81677303002588 1.70888384143632 -0.401271703246353 0.519031356326801 -1.03503460039879 -0.724906058969636 -0.129773659014176 -1.1125467951411 0.330889979380762 0.560933614900461 -0.208048218152089 -0.256969967530479 0.0353955901061751 0.454794328411098 0.480923079278633 0.576648164432805 -1.5578501775805 4.82960083224752 1.42622422457543 0.0947471661965252 -0.609126147484268 1.05402974217736 
RLPf 1.24548635143299 1.21153727859704 -0.128221886830038 0.550679594570117 0.260180127990444 -1.37228402410813 -1.2461736080153 0.325821233461621 -2.48634950976556 -0.256719533651117 0.843300949848029 -0.421566210636802 -1.13765736197397 -0.721183187916875 -0.40772495293725 -0.260034320252938 2.89310239262159 -2.20682189255279 0.840598165091636 -0.399049345831165 0.112456222334667 -1.01435076056035 0.368215919376189 0.0534553084715153 -2.25147027148808 -1.26544550000982 3.30350252119369 0.253215770226873 -0.483646317898796 1.24161000881963 
LMPf 1.05103520110929 1.54339343878977 -0.0574195339277048 1.07296775381915 0.450035353744497 -1.37875407597755 -1.54457826222719 0.416087635219623 -1.29896459029474 1.69382015153478 -0.588611099879411 1.41849408191004 -0.84251453272987 -0.737235441336548 0.352661153208481 -0.495703176068833 0.999686586026996 -0.699785358224162 0.686407423049874 -0.293774868321781 0.350102767410744 -0.00457352641360503 0.319858852398783 0.643259802485686 -0.0158036857886023 -0.416576459532242 0.724976813348122 0.0779178900028664 -0.162369715277326 3.37159593528657 
RMPf 1.08951133637726 1.96482058536058 0.0237656343696257 1.20537991279397 0.559233951344491 -1.36203520042214 -1.65054925548802 0.677206967024247 -1.20692687681735 0.662223400308134 -0.148945606229857 0.407070099122282 -0.961600470202417 -0.697323724612957 0.107859220044523 -0.259632949189273 2.1477033527317 -0.988773950109134 0.972716992255292 -0.425591664215606 0.229037555523448 -0.402577352364861 0.344445641457208 0.0958383540282199 0.263206838196696 -0.533009235853596 0.741186300353451 -0.0271359875124479 -0.200842806357426 0.186448418133484 
LDFr 1.03720994122199 1.23842466259164 -0.161193138934582 0.74807597504716 0.22077288180187 -1.28896528581622 -1.12244198442631 0.228724230728805 -0.959121200494529 0.798447922991064 -0.947915663123571 2.22283447952396 -0.899171696281327 -0.689281866524092 0.753107233374816 -0.850297352515541 -0.0917011560646824 -0.177504390364123 0.342309031673166 -0.0898461779222793 0.724071457677429 1.74561783876662 0.148871706655608 5.1820189969503 -0.627608075502528 -0.459644351490816 0.53068625189136 0.0538617120850879 -0.290486252103603 1.60369744986701 
RDFr 1.13882709887017 2.16979637422485 0.0950346913780999 1.16370580313386 0.56200927201382 -1.29045897905862 -1.41893976937225 0.993399772329332 -0.913733374627432 -1.20980289973904 0.12375186460442 0.123995978885879 -1.01482606885074 -0.520307667724948 -0.000544129298858053 0.302438557991054 0.938538293168428 -1.17729927773201 1.60042247665286 -0.51977398128334 0.192913498026927 -0.7095278403673 0.39541108524172 -0.194389898770045 -2.5121813049857 -0.873386782167393 0.341518304366718 -0.540922583184581 -0.283468254435454 -0.639940497909913 
LMFr 1.01370969444694 1.46800871839491 0.0951626135218494 1.5597116356991 0.729028859862169 -1.18663968461171 -1.5009044565202 0.630628904385954 -0.743829614349 0.0338202388208069 -0.942279539771702 2.56505457513208 -0.931316355588694 -0.722069514537717 0.57851537122533 -0.401469752592207 0.355922070387653 -0.596998860429734 0.709969352159675 -0.0886048111137653 0.57235704862969 -0.0265355092900978 0.359948137244635 0.285936513218166 1.78554399454949 -0.601640735891585 0.290497436038335 -0.0106273766682444 -0.194633256862524 -0.0592102173554967 
RMFr 1.04856145761403 1.75702178863286 0.204200651067676 1.70556756936517 0.897236296004659 -1.21063712105667 -1.57240645786998 0.978795124213679 -0.731612670943235 -0.594607533370177 -0.498128419038416 0.678997180471689 -0.885471118633639 -0.564511516772329 0.26070555093159 -0.0928139891897257 0.415308423038387 -0.794727138367038 1.05046218908703 -0.361689432991868 0.276354249579648 -0.427239043134208 0.347506128301736 0.000950078502995616 1.71424506307311 -0.649386054150466 0.240338826096972 -0.234296570946662 -0.204155762627578 -0.369697503125757 
LLFr 0.908823056465808 0.350798636460784 -0.195627591416245 0.259806635421557 0.085208006493175 -0.881765610559616 -0.329113943414812 -0.0386244564991522 -0.422256372335519 0.77452038075648 -0.367375062829045 0.486173635051162 -0.703873095948568 -0.472715809279996 0.084429155860906 -0.733338277635507 -0.0801661158749921 0.418728138140682 0.00100115141195751 -0.159476754228484 -1.98638376441296 3.78016964561211 0.442542248272723 -0.962192698402185 -0.168482093261058 -0.043320196406183 -0.041629007116027 0.0743905502439248 -0.308326971380653 0.487780004994494 
RLFr 1.15247242416073 0.679926536102147 0.0103899456399943 0.41434486816151 0.269982667136347 -1.08605453565902 -0.886901984090668 0.461800948818963 -0.600482925799735 -0.825057044212619 1.37871990518016 -0.498006513935587 -0.763420022937059 -0.130041687795954 -0.352241401481902 1.04363599481482 1.47276168860347 -1.57011239431741 2.51900604716035 -0.257563647734639 0.10113303929378 -0.791849560601304 0.372452400020865 -0.0695771827496426 -0.854522796352073 -0.651588528386372 -1.75413882530593 4.52968270573623 -0.363903821604706 0.266393136823742 
LMCe 0.929440554438202 0.801902519395038 0.589245749537524 1.41694773718421 1.25806445774536 -0.924438824915134 -0.308414208533282 0.846081179284664 -0.430918319911771 -0.563162188772088 -0.560436610980459 1.6157412920918 -0.193843195777394 -0.408570239740671 2.17002940983095 -0.475479196002826 -0.345083442914346 -0.334219165568988 0.540438469697244 0.608023093223848 1.02917623514573 0.362479201953225 0.297846353505735 0.350260799173362 0.704858831306085 -0.344164016897638 0.281328546013638 -0.0695007238716242 -0.187113335482659 -0.151276906536221 
RMCe 0.980450227719916 1.04612065424643 0.832348705744998 1.56369309905651 1.43858520978056 -1.03337826154297 -0.840709388749382 2.04337989962217 -0.470701716012277 -1.29455738589595 0.675385384189868 0.60837156069515 -0.247823622281159 0.0653663435761804 0.822533522058549 0.00615284774531775 -0.289915416588446 -0.586877865134523 1.17594554977405 -0.240586267340421 0.283225418213835 -0.334786521987679 0.265527574074911 0.123628982797317 0.119253591095014 -0.429561302582104 0.275532143250047 -0.650207862196193 -0.158575403468742 -0.626882229574244 
LDCe 0.892029146477952 0.682867128810651 0.162190210512516 0.704428684680322 0.437734330449619 -0.811064206576351 0.130781527064543 0.447237741902995 -0.422744305988144 0.212893984284135 -0.528062578096752 1.39960998533702 -0.340116141906987 -0.472383332637656 1.49641994560581 -0.578829449950248 -0.341437818882946 -0.0831768446891711 0.453446357877513 0.318265252653679 4.63927977558015 1.7306212809557 0.23989893034177 0.413277198791589 0.0336468216499605 -0.392743419032174 0.0961677808518945 -0.0768853411416851 -0.183667533146817 0.594310160549292 
RDCe 1.04279577705114 1.10689751080825 0.607366437485532 0.876957548808446 0.785252416669245 -0.995447918025754 -0.588194271849001 1.77991882934697 -0.479261135064041 -1.228789522695 1.79018655949468 0.225223056433085 -0.33987296160671 0.343755831717685 0.50435011332375 0.98653586892599 0.200701187365526 -0.763038956043302 2.55867960127328 -0.392156333452793 0.235789144181803 -0.545171976364556 0.235898538171356 0.113866407744701 -0.815569431513409 -0.432439950207105 -0.242955129041335 -2.72977498705187 -0.346162076043778 -0.172647500874789 
MiCe 0.93072133511226 0.743391006893661 0.474597360330602 2.38893296759633 1.6176195582385 -1.02787344308707 -1.27335045016979 0.947978903793531 -0.475349950505751 -1.14745303127028 -0.525496151573925 1.01194957597361 -0.365634330550472 -0.409128092484418 0.956519624944727 -0.243941906932883 -0.127002178286011 -0.441779435535106 0.643645457547567 -0.0626393065749595 0.396726555594549 -0.0867027693323677 0.343330685426539 0.121653900544295 1.81517978992933 -0.409339478404422 0.25231437601993 -0.155871263111182 -0.167304941629487 -0.61792891411257 
MiPa 0.913825863970544 0.621058690817176 1.42786526490405 1.65577701699093 2.74635551945954 -0.977668885443324 -0.355926858116171 1.31334293414229 -0.345432139668325 -1.0614770377523 0.0198138896527526 1.00052050814326 0.249358176903519 -0.027815778135148 1.54145233811221 -0.218963426144363 -0.369632633744059 -0.35411393948935 0.698287775534299 0.59013062007204 0.39318877830551 -0.00484050092448206 0.297828323910812 0.246324905608545 0.467246084009241 -0.261296272424498 0.397579986954943 -0.206096431090952 -0.110963758861336 -0.691046061109812 
LLTe 0.59146788789001 0.323467511314171 0.352869507119292 0.349080060770942 0.401114780120173 0.0253400046873752 1.03721752881481 0.320508124411412 -0.139157421626472 0.623876828230866 0.0659348585966635 0.635982016493157 0.0929305365673798 -0.23111647409296 0.784305963099802 -0.0489325395225417 -0.24863269898995 0.0253899685125825 0.352865815275101 0.482283784602168 0.222111574667613 1.50368858487247 5.19206634683129 0.25401523864064 0.077074588942446 -0.2099254367028 -0.0874659369836123 -0.00467164182389153 -0.291322821059135 -0.0473009163475172 
RLTe 0.958177153645005 0.589008203846888 0.792948392503562 0.373167759355577 0.508977181279392 -0.419268490740374 -0.290842984297594 1.22252705550336 -0.260828853998691 -0.831735783412229 2.63112307338511 -0.0363835484127482 0.259982577032554 1.55137516386736 0.493254609268584 3.30488520011854 0.24339564015454 -0.638525048991474 1.25898388682628 -0.0399095531149503 0.218471254757768 -0.41500043009133 0.232300465572729 0.235172108316367 -0.197584181731823 -0.204286141928362 -0.509344438439965 -0.392636010707514 -1.14100785233852 -0.0804800594040496 
LDPa 0.907502807982313 0.721302356419919 0.978914980765705 0.864417171773611 1.05043281923208 -0.468291380524918 1.37729299297346 0.90721230829657 -0.295920922557504 0.0733101954393853 -0.133506000487432 1.39918256406233 0.307847290081486 -0.189677389805419 2.20815972776291 -0.482174489428773 -0.569681261612953 -0.216826590185942 0.541331460356985 1.63805955824514 1.00811443468971 0.688463400569243 0.205632239090345 0.412311980842019 -0.149246806275653 -0.191930637024853 0.269440479905257 -0.0660386334062286 -0.185398679273574 0.0188030365092442 
RDPa 0.980956773720737 1.08903276254802 1.47892374881082 0.914402987476374 1.18414029356543 -0.647687533872335 -0.199733867972229 2.01182470501191 -0.344359420632569 -1.03552826294482 2.75728091701663 0.647922206145166 0.293103936159582 1.32975705303396 1.03705239553964 0.188121082568707 -0.616316359499057 -0.473062817321098 1.39862481561964 -0.00399391161863312 0.269289453552051 -0.2745981569152 0.143266170287225 0.264328872775901 -0.707292653747938 -0.222471438764916 0.214262702439284 -0.732967845009113 -0.107178401987116 -0.30752060303932 
LLOc 0.846465668969293 0.455865699880537 1.54301187855535 0.5280989638906 0.887879764646675 1.36978823034095 0.949005056670582 0.974626628632822 -0.15763237499312 0.0858879307990946 0.00470009290508175 0.799984340255153 1.8123839156967 0.25522892541708 1.34547519561075 -0.227098274176371 -0.664575247970865 -0.258437740974201 0.557803887055073 3.01178361433377 0.395190753676727 0.450375857737323 0.539421609466186 0.28925331522301 0.033393838935649 -0.224934588989606 0.220917863677876 -0.0503819075009393 -0.138566773420041 -0.379226998223683 
RLOc 0.958121088290698 0.554042355061823 1.8697607609798 0.501440325402317 0.711327421057353 0.405029382595223 -0.334600322182632 1.47529467521892 -0.203088497095258 -0.918861384558789 1.20353776628481 0.309687836639982 1.79497625162356 4.12002253154036 0.939738856500466 0.160282298985701 -0.7196264810896 -0.430369075309176 0.919246395145591 0.5298878311364 0.236595885431619 -0.431074398345744 0.144846588194821 0.224050896317908 -0.122451715993953 -0.161003215075751 0.271767310673355 -0.242768694328821 0.00993260033457611 -0.796706683870012 
LMOc 0.943779382273555 0.713659229656225 2.1828050669773 1.00963381417703 1.93875904174807 -0.545611438021736 0.710588499299774 1.32654756277735 -0.265671260864966 -0.442231721439521 -0.0193306569937521 1.28645345149554 0.612452654947705 0.0900943227453954 1.88101206579636 -0.62765034629939 -0.737268254707546 -0.323255191217598 0.662664904846237 3.03082269137322 0.470519646131551 0.291022645445582 0.303787130145193 0.34321941901607 -0.356252211453069 -0.212046567022183 0.450795352670784 -0.109824699005799 -0.143211771445393 -0.559275867142913 
RMOc 0.963414800445105 0.796582599462518 2.51765955122468 1.03383470712909 2.0451172685645 -0.762696178349257 -0.0543073325641004 1.67669820064628 -0.296552238676414 -0.99318629114038 0.787522713569971 1.00597393358878 0.701037837274201 0.900298187297959 1.42213136374002 -0.451436020695037 -0.722651040827012 -0.395689486166053 0.888551386060636 0.912988947666453 0.314609632585819 -0.0882795045442778 0.227011665148181 0.286250113059176 -0.49951912726521 -0.226344482888953 0.533222503715051 -0.259438360273473 -0.0733903959156992 -0.785702021153906 
MiOc 0.897875507772656 0.43101965815427 2.22373579709522 0.566578292194905 0.886874498080434 0.0216420689640799 -0.146231059975621 1.11016677553308 -0.167614381176856 -0.905340201921523 -0.0978961287886342 0.625148658997657 3.2012382583407 1.22899226036217 1.05429940304439 -0.690602656487827 -0.696035010402101 -0.331558032320135 0.552810837315932 2.32046194615307 0.271356221527745 -0.13661305354693 0.270036043420764 0.23918079349685 -0.0326892164222423 -0.164276561941047 0.47626338150134 -0.0712593519107101 -0.0213873133031828 -1.09960299569193 
A2 0.855290452524896 0.0267884378360172 0.190883985479868 0.0814739479806294 0.0725710855034411 -0.502187493483202 -0.715847152487232 0.490349122442712 -0.0299628317778147 -0.820365976342176 1.43581258695156 -0.52547396347018 0.0853081977719306 0.846891238210622 -0.078458327353899 3.16512158807343 0.781287622598124 -0.673092394480664 0.294043156392715 -0.0297410370250033 0.129000510886743 -0.748040313071777 0.165427097839736 0.105570257533571 0.171107500875189 -0.0457592321777836 -0.884220598704032 0.221391870019272 5.16987436887672 -0.231780614305902 
