 lhe rhe LE MiPf LLPf RLPf LMPf RMPf LDFr RDFr LMFr RMFr LLFr RLFr LMCe RMCe LDCe RDCe MiCe MiPa LLTe RLTe LDPa RDPa LLOc RLOc LMOc RMOc MiOc A2 
F00 0.315216931529973 0.172685166596014 0.0184242810210148 -0.0174221923772716 -0.0233687352222933 -0.00725281316536998 -0.0563819828097568 -0.0372656286697856 -0.0152468374619513 0.000103147654895079 0.0207260247171427 0.183046548693221 -0.0240361043103639 -0.0160980068790529 -0.177817599738137 -0.133513886922299 0.0659677878317637 -0.086555940689242 -0.0502146394215594 0.309009248684044 0.215591324172522 0.154970744452546 0.192657229561701 0.0715397894813608 0.335968735000057 -0.164961326274434 -0.61611628433541 0.0688667672457422 0.316888153101518 0.0151374234381576 
F01 -0.2585940717298 -0.0705133089434307 0.386143444147841 -0.0470652304525716 -0.0372188265369804 -0.0084599559768555 -0.13012765986637 -0.047473689332006 -0.0830415716678772 -0.0283753004300453 0.297132032169441 0.112364262235166 0.00644319383653925 0.00278436769893844 -0.147919807762917 -0.0195489989482145 0.0839190362357803 0.0171681765492007 -0.123007168608043 0.0745398948127515 0.0127547549900822 0.00787728239506613 0.0471907715386749 -0.0026690025870197 -0.0188152260308563 -0.0115347010785126 -0.0122167266804806 0.0112957817734026 -0.0116846182136841 -0.000167023556015438 
F02 0.254924950710128 0.249172834318618 -0.0385887420087513 -0.0224554614603253 -0.0179155692404959 -0.00992130400898597 -0.00430593759152559 0.00961919934927934 0.00825338911182007 0.0647903691650658 -0.0630838912378018 -0.256903134333548 -0.00959459210952083 -0.0109934257826664 0.0369718783404261 0.116015925884531 0.0265541540609437 0.000755860914417207 0.0865417733091491 -0.174694769057253 0.00278463334491458 -0.142071729637341 -0.139999564390086 -0.0131530291751893 0.0305283305883698 0.134712789733616 0.298300290623697 0.019978480566166 -0.387883816330644 -0.0230327540533725 
F03 0.0241386772891655 0.00944715988715773 0.0013234577823642 -0.00649357969242586 -0.00316947385268042 0.000789752479445306 -0.0550888002682195 -0.267646650286537 -0.0199269816473741 -0.169408786530877 0.0642600822855676 1.55279549284445 -0.00121689509483076 -0.000361604650871531 0.183372856932656 -0.861024063454309 -0.0200295283568384 0.0756073948591403 -1.15342504471941 0.862847781364124 0.00822549701360443 -0.0773256348314394 -0.17487541703387 0.386468577483477 0.132386269817272 0.070394182942272 -0.0553127462015886 -0.0838998795574329 -0.413040246660806 -0.00393173587562796 
F04 -0.0274813094048295 -0.0423565013035259 -0.00150050195834238 0.005076941426755 0.00450049294408146 0.0024632773193653 0.000910827747926291 0.00907356148621 -0.00490624924611555 -0.0364595178077161 0.0140575266310289 0.00523428778834854 0.00212674525535173 0.00816666721713773 -0.0198028367012071 0.0343467223624345 0.00339625582013355 0.0120513768461106 -0.0169241440412362 -0.00211146272699864 -0.00282825888021317 -0.10432410516094 0.0218870907942831 -0.0166705566776026 -0.0112293012128082 0.0168152059953271 0.0313336805614716 0.000528919928188703 -0.0509506436126821 0.176732952992422 
F05 0.275883858712264 -0.222383534791208 -0.0138355630888611 -0.00821671193877526 -0.0103955486332902 0.00239658024002542 -0.0255790078269402 -0.016836960305922 -0.017523474760685 0.00291301484505696 0.0518907076723137 0.0328952015735118 -0.0124335878556647 0.0176607334646615 0.0838442448844006 -0.0217029615036062 -0.0961605002697728 0.0272505733765746 -0.0544615461745607 0.00253184945331433 -0.0233775541272229 0.0367045080981448 -0.00480886932810823 0.000596426288768994 0.00271210513690526 -0.0085803212621631 -0.00335682719848178 -0.000137848537161684 0.00407589176000543 0.0105200985351894 
F06 0.0218650503523197 -0.0482843616074279 0.0164757359908906 -0.0125675282658309 -0.0438329135569146 0.156374008865069 0.00606550019029524 -0.089251943229442 0.0205000675927971 -0.176683481310502 0.0326255989995389 0.125679854922843 -0.0080183688499942 -0.0137356442930122 -0.0215174054504444 0.0521535645007113 0.0103935610383967 0.0414404180570758 -0.0580181600415848 -0.0095052323740184 -0.00041660262406904 0.010297405894172 0.00575876681231264 -0.0192803338168463 -0.0037292112966533 -0.000187831649747137 0.0111712400113262 -0.00810792859093227 0.00156656743128055 0.00187574576137089 
F07 -0.029988170246965 -0.0226664389301363 0.00432349490929206 0.0018288805703554 0.00116993787540807 0.000905610356170532 -0.00471171738694309 0.0379372377441038 0.00435975410457806 -0.0124037896076648 0.0104011244571786 -0.101257796500579 0.00186799175304435 0.000567106555434882 0.0388063154299299 0.228203863810075 -0.0250261066468736 0.014802997690068 -0.0422531444151238 0.144263598670864 -0.0109953096464802 -0.00771482751432812 -0.00722544209071202 -0.194242508842472 0.476528922933853 0.174909794727709 -0.38097871147857 -0.0423426626786299 -0.256957478444895 -0.000613625489031253 
F08 -0.331812714206715 -0.233966277751126 0.348342877807582 0.0712095459275437 0.0533604462920716 0.0190663501175122 0.263093796469359 0.134743498875192 0.139634760223555 0.00860592831570363 -0.52681895389781 -0.196670821192838 0.0156062925479116 0.013130027628149 0.219259545504022 -0.0197147332225449 -0.0649459833999155 0.0603017540150357 0.145682051137481 -0.0640995280095184 1.16776680695982e-05 -0.0272809906266478 -0.0713826427940586 0.00701832969934698 0.00837431517672937 0.0393252886451142 0.0868474588974646 -0.0280894367151968 -0.064145242899667 0.000740682370138999 
F09 0.00542848442243662 -0.00240949164315541 0.000211780335350154 -0.00128121560731988 -0.00437525801661784 -0.000731336075129532 0.0169319194785452 0.0958050788658978 0.0151516669304895 0.0464003984954421 -0.32218887584169 -0.663686195085054 -0.0033624659998039 0.00209787172577776 -0.251525579403218 0.100879278983454 -0.00905044845279358 -0.101272874891396 1.76800190497957 -1.4217924017794 -0.0161927096178873 -0.0509646816283748 0.148727840400834 0.291190415644598 -0.0400046456330516 -0.00171494081736974 0.52035905004058 0.081164193300913 -0.199399189000152 -0.00114335388473082 
F10 -0.0487125098707354 -0.00153391695677072 0.0482726482690964 -0.0203857086402138 0.140389539100574 -0.000748938936425508 -0.15036112754442 0.0274448538781094 -0.205400396929385 -0.0300200716784107 0.261007195546038 0.0200788469603297 -0.0528317996122087 -0.000128593145385811 -0.0863301889117469 -0.0179664393177322 0.0981062910857757 0.0174423610558071 -0.0455403061084475 0.014675609782915 0.0120314568457586 0.00476313047015874 0.0228588710602513 0.00539166722812042 -0.0123061478145428 -0.00146188700015605 0.00645983249016715 -0.00706200233276902 -0.000761824046436351 -0.000206097143642749 
F11 0.00474190822315461 0.0039911651533695 -0.00590350402533321 0.00084372638931691 0.000931130622306448 -0.000854337166749497 0.00631611043305234 -0.00860127282394778 -0.00670689012207662 -0.0109548173928495 0.0449191418406061 -0.00909146792896106 -0.000126168243671105 -0.00107417230472544 -0.0112233937537723 0.0211196788590854 0.00144169455447176 0.0598796363073221 -0.0383242906709742 -0.0326394104590227 0.00304781402116787 -0.043322363412761 0.00566987597569287 -0.147963793556006 -0.154641025057554 0.386148465366567 0.228949103766497 -0.218832922659709 -0.0809251729145045 0.00325584983733041 
F12 -0.0197084669396039 0.0112756608110298 -0.0168452974783183 -0.142346085808594 0.0551860100132027 0.0257833466281135 0.24710452131194 0.0195970336772304 -0.00717507748648469 -0.00803192748741171 -0.226448959928009 -0.04048514600481 0.0111026669380282 0.00496407756929593 0.0612543500800397 -0.0392249063967005 -0.0136432246488539 0.0147933412924682 0.0815306175670244 -0.00541694294865726 -0.00108313462911378 -0.00777825082185645 -0.0168013259576297 0.0125323976918997 0.000937467555916489 0.00486375480327139 0.00486849912944885 -0.012002704108196 0.00244891891214065 -0.000558668119444324 
F13 -0.0791063719901084 -0.013101243121879 0.010552397040801 0.00181442845418652 -0.000236839213377141 0.000685679374427506 0.00352748473480728 0.00786684185943375 -0.0598460712339652 0.0105054576496609 0.0224677371756325 -0.0267421312876987 0.190828847399411 -0.00187854596067372 0.0822594289491073 -0.000439723379682977 -0.105389822037206 -0.000904024250972141 -0.0116396858541924 -0.0170621689298666 -0.0232295018020526 0.000691955975920651 -0.00355964951990459 0.00984018887468807 0.00441636614592305 0.00141628196530287 0.0036407394086363 -0.00823369006452162 0.00097941120371631 0.000768670259933099 
F14 0.00145313907877874 -0.0148807477880968 -0.00033982918567729 -0.000819718451869541 -0.000252417675309734 -0.0013148810126104 0.0146451698099724 -0.0202442583257332 0.00439728655672433 -0.0618649087294518 0.0242228766250417 -0.073546897500659 -7.97773897767622e-05 -0.00142990849048324 0.130050074214001 0.548610987572948 0.00439524295414005 0.131283531308193 -0.379486107024469 -0.192351002807309 0.00576139081182108 -0.0920832093644007 -0.0567536667880284 0.139932263652482 -0.0257979839266064 -0.0295246406094979 0.105660159521705 -0.180169281927119 0.0223326992255401 -0.00239478749944149 
F15 0.00843072377820483 0.00844407128475015 -0.0100956515305366 -0.00103480799752913 0.000129141823456323 -0.000693372755537097 -0.00194583695557214 0.00942980856331078 -0.00446085505721276 0.000135802801103331 0.0165497958492945 -0.0549682313178232 0.000397465468250118 -0.000580884607173549 0.194129928658327 0.152033934344759 0.0510912448505232 0.0269325353652908 -0.0968521251643542 -0.520562977416204 0.0252274009878418 -0.00590169849360673 -0.510893237202338 -0.119869313843008 0.00111570867032778 0.0533744272694099 1.04118169392161 -0.0670411632798569 -0.192658590760959 -0.00176683497115245 
F16 0.00548336492264087 0.000594388136200398 -0.000997087111159094 0.000642788385987118 -0.000838641473045815 -0.000365974656461294 0.0202588357364265 0.0337876169195903 0.0152741775901814 0.0376502167974438 -0.0423322490124145 -0.175406503717827 -0.00126136621948292 0.00123945014287511 -0.182184796250634 -0.0567878447354742 0.0112937228925671 0.0226522476637891 -0.145940015962629 1.08544853709222 -0.00842063656375514 -0.00167788029178789 0.0615635522631031 -0.155600708527866 0.0178749868475865 0.0809814785887369 -0.41294777735973 -0.14446267385294 -0.0618775613213238 -0.000521982154643583 
F17 -0.0151647130655698 -0.0727499290814362 0.00875025634172026 0.000406163478469035 -0.000846354566128248 -0.00855638855456852 0.0172986423443086 -0.010107849014711 0.00835822234823416 -0.0353335157175235 -0.0122118375237779 0.00033903588001993 -0.00337481757380528 0.188726299325683 0.0112870692520839 0.0471542606032593 -0.00763441507445996 -0.0679692280718598 -0.0147957839856711 -0.00248345956939814 0.000322065389659211 -0.029642180820443 0.000327998461794069 -0.00623578851019182 0.00699881020338469 0.00765984963809362 -0.0048521456265043 0.00172964251537939 -0.00425880667548144 -0.00413253868725997 
F18 -0.00909402699551504 -0.00187327157688227 -0.00271741745275495 -0.000295378992424915 -0.00257147049070269 7.40486180954823e-05 -0.0184406493068167 0.0361072261175269 -0.0411150917547632 0.0104502144249986 -0.0660093085533516 -0.0132182919000963 -0.00397155281113214 -0.000473862291775114 0.709909934963093 -0.138601243103489 -0.00532042252142514 0.0226862661553459 -0.226367789871818 -0.129824536090926 -0.00658244436976744 -0.00868288909103666 -0.166738309351784 0.0969780629278797 0.011063461456603 -0.0122270244256278 -0.0730780801505549 0.0405507257784107 -0.00147343480625511 0.000402390794544811 
F19 -0.0465178632746927 -0.0182796628655098 0.00962450079680618 0.00308647962323199 0.00612178369533593 0.00172179811864274 0.00801093501201848 -0.00132202867353696 -0.00234273301177129 0.00353941017004211 -0.00396782630914946 -0.020758275556055 0.00744129715250733 0.0021511415932555 0.191549684095411 0.0145910835438802 -0.142675661277139 0.00389594583525995 -0.0250171206358727 -0.0785314961232131 0.292768404578031 -0.0248401458210979 -0.177854773563573 0.0179251794728503 -0.0902966702983511 0.0136360360365571 0.109192826248275 -0.0150193414033926 -0.0102312116444673 -0.00222374282417453 
F20 -0.0107299043533713 -0.00709136934936134 0.00420939203864142 0.00179520797830894 0.00122658605147388 -0.000516529699604739 0.00949446210267459 0.0268108711549507 -0.00655101327778381 0.0367076364809618 0.00237588724881098 -0.0726097023157661 0.00085304248461391 -0.00132941905953112 0.0180271656639586 -0.800721813209353 0.00235241474171361 -4.49633170786904e-05 0.298560798062819 -0.0347416005888239 0.00663159173595286 -0.0768914752301055 -0.064942743024641 0.953044625944765 0.0622603123702837 -0.195763781709355 -0.0660461129742536 -0.10058892712495 0.0126244946900381 0.00184538742923676 
F21 -0.00438210800179736 0.00275238291648407 0.000229526545148072 -0.00233540950731477 0.00156133063994927 -0.00207340644476794 -0.14741411600914 0.0785661191871729 -0.129903845063881 0.0864141447937272 1.03807044400905 -0.816682226181806 0.000501165372421631 3.82060979492416e-05 -0.451278371515067 0.403459161920398 0.000578489262569822 -0.0313029894767162 -0.085669034096402 0.0865978580096856 -0.00546868222940074 -0.00304333904404776 0.0999577065377073 -0.0735934362687757 -0.00979178607660768 0.0209075040803868 0.0254013435321505 -0.0574348841899557 -0.0239943897764607 -0.000578326427128464 
F22 -0.0183658103087898 -0.0447779609220784 0.00476735320548958 0.000742498546905513 0.000198064510339879 -0.000824663994156736 0.00945299103351859 0.0144597487148199 0.00336553057413918 0.0124538369284544 -0.00645992230481296 -0.053032818150822 -0.000562988048818554 -0.00749830537116626 0.0391355061418464 0.103009908938663 -0.00245078959415352 -0.0304768203390792 -0.0227580994593055 -0.0279437916687519 0.0014502986850415 0.264517943803055 -0.039967807096535 -0.266676293656363 -0.00200855938721221 -0.00664414732662314 0.072037671307618 0.0909618116858502 -0.0973552525377681 0.013769539150858 
F23 -0.00517878559194152 -0.0662578404120805 0.0146095573516765 -0.00314925226900113 0.000252644762287129 0.0334027162726793 -0.019608278848348 -0.136972106720525 -0.0276528777834115 0.333380458159437 0.116556631762278 -0.144787723437391 0.00300904441250385 0.0258252545770211 -0.0356610503459518 -0.113855916213728 -0.00819174504959941 -0.0906955456005612 0.0704984910840447 0.0214666508436403 0.000763794311655316 -0.0126673330704735 0.00960576574936925 0.0130065748797109 0.00424011155754294 0.00510521917585598 -0.0102183532653872 0.0288193557251904 -0.00726287332377423 -0.000431878040671863 
F24 -0.00147371390730033 -0.00184504472346612 0.00109614283411027 0.000596648918925029 0.00067327397640232 0.0001027223766075 0.00685099114146057 -0.00858817829359706 0.0129745288808539 -0.00246012332814296 0.00778630146903173 0.0302512963182408 -0.00107702323561811 -0.000149644820533574 -0.219852144154054 0.0432699958880982 -0.0951648832610987 0.00228644220672744 -0.00929862912818177 -0.0981937521279156 -0.0473749164774995 0.00492138723171776 0.56905665210205 -0.0340664764471462 -0.125637984486835 0.00190483204187815 -0.0664096725964002 0.0145672383631588 0.0167771359214284 -0.00013382288417243 
F25 0.0355193110577498 -0.0203716627764437 -0.0062645132871274 -0.00145412989184947 -0.0186737781712699 0.0109134742449007 -0.210111412757798 0.345070628837524 -0.0377937390061202 -0.0480485369719831 0.0603952532703585 -0.192681276211414 -0.00657136498998986 0.00524771169288844 -0.00508455103451456 0.0666424610127588 0.0441014993078172 -0.00202996463289006 0.0160713147880868 -0.00932114362738493 0.00169040057226575 -0.00706610590057191 -0.0193507075750184 -0.00636538225458529 -0.000654691272679207 0.00304266737243132 0.00756338554392754 -0.00145296171078665 -0.00163984964112806 -0.000537104484706448 
F26 0.00123898509184775 0.007680055493595 -0.000927381626368743 -7.05288601993912e-07 0.000738049895403398 0.000448787572309044 -0.00438491457449404 0.00123000598622364 0.00892073661458775 0.0108385740726997 -0.00101872410981646 0.00234355708646084 0.000382599530374832 0.000382345192537004 0.0166912064178983 0.149323822966974 -0.037191371786796 -0.0873359111438785 -0.0419348524282532 -0.122631549495655 -0.0127361923998895 0.0189436356289445 0.198670129093538 -0.146828116738574 0.0556719839121128 -0.0757021592506562 -0.397634246578143 0.529648990840639 -0.0733041063965389 -0.000213703920203566 
F27 -0.0446400227261168 0.00222258459193567 0.00852089434727162 -0.010052111735234 0.026357172900728 0.00155505815263956 -0.18701307338429 0.0853692701511358 0.209273999105621 -0.0326220732167112 -0.0350949947195681 0.0248434023046288 0.0162745250322299 0.000125375253984247 0.0200653453852337 0.0386982261024435 -0.0812830629452524 -0.00811112111655662 -0.0265982016525629 0.00558968214670461 -0.000552126273245175 0.0035641348679006 -0.00772809502634051 -0.0188582381331452 0.00950823665896462 -0.000217876184099022 -0.0082053086768555 0.00732117810352053 0.000497322319672369 0.000175987551749166 
F28 -0.0596813553629754 -0.014091177012325 0.0127706426251654 0.000740422209743864 0.00216060607872899 -0.000837280451423824 0.0142896022539942 -0.00118806113450761 -0.0203826681630614 -0.00721155103527331 -0.0755885568573715 0.0461832339612075 -0.00841305575749205 0.000149370219686879 -0.361141124295421 -0.0147362886290102 0.403183336711179 -0.019089357633262 0.114056590649009 0.0780315066072912 -0.00473662845827098 9.43329653253719e-05 -0.142855638915919 0.0130819223130328 0.0131502538207798 0.00536677143332937 0.0648112606925386 -0.0196480140172486 -0.0127639885879609 0.000793268497378613 
F29 -0.00194486915282648 -0.0100860609951498 0.00165272969855701 0.000249131111561522 -0.000147296306852642 -0.00119728118798299 0.0016353189832022 0.00737318920488451 -0.00467289508213769 -0.0295986318245143 0.0164687088954093 -0.0375608699083289 -0.000366186124603511 -0.00217161425076018 -0.0226111395341094 -0.167425692723198 -0.00184253112510023 0.204875801993347 0.0789544368992337 0.0490448467539521 -0.000519214796526088 -0.0192251655421056 0.00305997968595464 -0.114682522318295 0.0128008997027225 0.0159399956764883 -0.0396834825738169 0.0765338374709845 -0.012904348826393 -0.00130782137111954 
