 lhe rhe LE MiPf LLPf RLPf LMPf RMPf LDFr RDFr LMFr RMFr LLFr RLFr LMCe RMCe LDCe RDCe MiCe MiPa LLTe RLTe LDPa RDPa LLOc RLOc LMOc RMOc MiOc A2 
F00 0.376813492291569 0.151852532018221 0.057942502662113 -0.0852589130993277 0.00757033385732758 -0.0191061943289964 0.135121056187247 -0.164194399938874 -0.056852299353296 0.0658981107598114 0.119283695334361 0.0799980761218436 -0.0585766493648075 -0.00288420288132809 0.0671055725674827 -0.377502083016146 -0.202218117015841 -0.0267028185522363 0.286784935258347 0.0154265501238838 -0.303431389316619 0.078106196422645 0.425398660908706 0.456065236520789 0.250150419055967 -0.24192400672857 -0.250043405164802 -0.450444560511303 0.631826804222066 0.0109022135956132 
F01 -0.139410989223548 -0.0352133832550986 0.268094791857951 -0.196247650579108 -0.00882390444880102 -0.0178737717167712 0.0426167724488985 0.0580714429456572 -0.0131492164543206 -0.00866958744201297 0.072738623827945 0.0354618254129035 0.00657168202774433 0.00487751013257313 -0.00631264446001697 -0.0141204944265123 -0.0197377047473019 -0.00633422369279535 -0.0550769239432951 0.016956983166118 0.00300710179571984 0.00056787948727401 0.000873368929932676 0.00359478358127344 0.00200590196290616 -0.00107295602004074 0.0128147529246924 0.00918604006504984 -0.0123298497105156 -0.00157012354680333 
F02 0.100690667816838 0.139116974893952 0.101536669345146 0.120912218353375 0.0246626234617589 0.0372882336737708 -0.196014880070651 -0.108386367237489 0.087339290113747 0.128631983080511 0.0111775893338708 -0.308769190914821 -0.0189747488306794 -0.0193293723473035 -0.143092646270345 0.19517274396484 0.0560094122547177 0.0652654745274072 0.0798906031714641 -0.0557899315591076 -0.0284329331775574 -0.10449966864016 0.00293496816343504 -0.259171085376088 0.0702767248967731 0.0958682891044268 0.023893414598378 0.198994086549663 -0.262260715589226 0.00596946261558566 
F03 -0.0223398839995039 -0.0693555635834048 -0.000666736457692193 0.0111672529171979 -0.000219554999619076 0.00331809484069341 0.00663430316316567 -0.00119684091180981 -0.00424799210015855 -0.00623196184311061 0.00651079524153365 0.00693458481720923 0.000810432901648316 0.00110636320698799 0.00737864643315896 -0.0209737558943239 -0.00607485477905966 0.0222809991826963 -0.0172134112886474 0.0095004628083359 -0.00608850422839204 -0.0824742476367407 0.0138095309472858 0.00605086255638545 0.00834021040887201 -0.0213466258167104 -0.0133673533677803 0.0268636990790829 -0.0351926832521475 0.182533613377966 
F04 -0.0143971378598356 -0.0124180729165465 -0.000727670861116234 0.00495609086078158 0.00238588976008969 0.00238626135976591 -0.038204609033647 0.068359469597483 0.00694294404544821 0.00672884728087363 0.0923265784704928 -0.156878682152405 -0.00202168989416264 -0.00236344835936525 0.0631728698461356 0.290667569021283 -0.0159057911803755 -0.0186031920003501 -0.257112365131204 0.255093175950496 0.0732817631007896 -0.0244014539885652 0.116543384671425 -0.00668097160396482 0.00351096695413981 -0.344321168102457 -0.823848362745142 -0.111246998497475 0.856020238150374 -0.000112460300350096 
F05 -0.0901115178517517 -0.017048949211249 0.00636492722285805 0.0136229097754036 -0.0325844593084072 0.00758974621614736 -0.0459255322654073 0.0160168663153864 0.0177577600329736 -0.00534588847424682 -0.158068101019566 0.0238429635546387 0.22374128841499 -0.00172620729820372 -0.117045335631771 -0.0312548793295459 0.310449567397864 0.00107623540710562 0.0597280892923509 0.0531222562204675 -0.101202606621115 -0.00511932402790221 -0.148187331524422 0.000733722944885797 0.0304226385100311 0.0139212503172647 -0.0127330252832982 0.0109931658483058 -0.0101424884728547 0.000102640545879974 
F06 0.00743609784794807 -0.0116842426536237 -0.00551758693124865 -0.00184112894130088 0.000971089630515023 0.0026366348912641 -0.00834985571465318 0.0371161411158667 -0.0303320650824582 0.0687228122905234 0.271884389722266 -0.398994503885494 -0.00155671584801087 -0.00210179302421956 -0.020372437847283 -0.0113879832369673 -0.0062405629234358 -0.0539839930651856 -0.144355919823152 0.0257974134748131 -0.0225687500786187 0.0182799970996776 0.0742295085560937 0.36406445756707 0.0344167112487362 -0.181748637335299 -0.316283264953638 0.334672436764829 -0.0218359143552445 -0.000656535658416563 
F07 -0.0123416557129199 -0.00708424004137795 0.0078598156209649 0.00161940122929573 0.00531501518085144 -0.000139837742529086 -0.00677982115836619 0.0332142157967707 -0.0159399896817366 0.0163315001403159 0.126445829749126 -0.133814545809201 -0.00110158514968819 0.000585796979915154 -0.0821671355516018 0.120248252173892 0.0255858585741319 0.0190419408003718 -0.0459477906541795 -0.0120529356194457 -0.0815485400244594 -0.0304092171754368 -0.0667798271493698 -0.170197284683493 0.394882160053956 0.246565804237039 -0.0124098344024894 0.0509335089383803 -0.350792264590332 -0.00265385554000967 
F08 -0.0373881829315961 -0.0130330446277768 0.00956355855853382 0.0173980336016893 -0.00135550870299394 0.00424107460642233 -0.00759476206035778 -0.0095821652613753 0.0150713568942714 -0.00924869764988656 -0.0353604370292156 0.0382869963831023 -0.0311846218110225 6.4856434195514e-05 0.0559653857574081 0.032195520790157 -0.0877030656185398 -0.00703209295164244 -0.0317605290818028 -0.0148351185540327 0.497977939477932 -0.00399054917836152 -0.228108345113069 -0.038801986508427 -0.179022074645966 0.0445897277509571 0.102141074216786 0.0196285804634579 -0.0400230554833828 0.000333044918199104 
F09 -0.00514330711637342 -0.00814566166029678 0.00528203051518067 0.00451794620379086 8.33423611577981e-05 -0.00280377680538846 0.00937158131921581 0.0282793477924508 -0.00302434994405162 -0.1056455410561 -0.0104052188597308 0.0340052103506928 0.000192311692530296 -0.0635562660265095 -0.0427157229312808 -0.112004428519919 0.00285761480358108 0.372772535689762 0.0123612115481905 0.0287742754946855 -0.00742366459764821 -0.012200324748811 0.0157219799184428 -0.241641214525942 0.00645018619865055 0.0152315914761341 -0.00465619775782148 0.101977827734508 -0.0211094402375142 0.00210605163160828 
F10 -0.232494024914707 0.182766419830857 0.0168481880940682 0.0466408863949423 -0.0101288788710806 0.00790674976158982 0.0824543070239237 -0.0632122383887855 -0.0583721476919437 0.0563546593402858 0.0866393909895042 -0.120770321404178 0.0145765768825235 -0.00970414026111596 -0.00173220316857616 0.0165708764012553 -0.0313045642014576 0.0320320759992361 0.00034377476232186 -0.0140375454146718 0.0204417150942935 -0.0404898068528953 0.0146026528510224 -0.0363114589083125 0.00882980512538073 0.000261215766954412 0.0241277043910049 0.0134341815399299 -0.0171080392940596 0.00191538907022618 
F11 0.0039446516713068 0.00227653386654754 0.00150887642011968 0.000975375240934849 0.000603314872954416 8.77656793162663e-05 0.011701348981902 0.0201568306146687 0.0174362863458909 -0.0133590937990579 -0.162152336488632 0.090779345266876 -0.00568015046044547 -0.000517175150500828 -0.0331199527524064 -0.00012133765884894 -0.10195566929215 0.00559288880218206 -0.0855436432652443 -0.0490627207007468 -0.114911697775822 -0.00477249179000329 0.661099487631543 0.0145053322803424 -0.114801561028714 0.00965626050039269 -0.0912735230425028 -0.0809128820852664 0.0188418344871703 7.04506764151556e-05 
F12 -0.0115796071891447 -0.0317239914407215 0.0177166883593937 -0.0610586545780428 0.00977136061844909 -0.00875280679852273 -0.110452640272265 0.31250237560421 0.0989135940982794 -0.214212242893465 -0.525540854596201 0.795702307164337 0.00084180384828543 0.00442996843334595 0.0839942785463709 -0.184010811073231 0.0292545821602813 -0.0446647523359512 -0.3202445630481 0.0696015104555342 -0.0183232677313879 0.0170963524375244 0.103053546299346 0.084906468427838 0.0709399073606978 -0.0848892735099464 -0.366332591789653 0.265864268267802 0.0209203778472686 -0.000139523253682306 
F13 -0.00431282176987322 -0.0750114703116446 0.00741145155114208 0.00360599608032349 -0.00344482053990148 -0.00101726278854099 0.0870741703847106 -0.185212507386617 -0.0207593078828672 0.0844541701536718 0.0447040437052444 -0.0638958096576386 -0.00381042488112169 0.182735553030841 -0.041663179225724 0.0486729164650862 0.00164493396921837 0.115183401837431 -0.0162042479372007 0.02227742892158 -0.00192705254202688 -0.107679812160866 0.0199842682525431 -0.176834258114596 0.00247589892279913 0.0355962470364766 -0.018521853747388 0.0746848930296808 -0.0158826488789718 0.00647913166360448 
F14 -0.0856095494790354 0.0144031107699929 0.00981031150478759 -0.120274408880834 0.213357349520884 -0.00768227824413896 -0.0131962645153259 0.0550525001160143 0.0043402606139977 -0.00571332245639925 -0.0483325391770397 -0.0262595701796748 -0.0120216904447821 0.00127195678580394 0.00845806366968745 0.0273115400207231 -0.0344865297000239 -0.000497725929486243 0.0171684273606226 0.0138408338695464 -0.00273846435407098 -0.00213582820513444 0.0385819202513188 -0.0169656601070589 -0.00845290502809466 0.00647065626471127 -0.0329188349028368 -0.00620125976780594 0.0114765300567372 6.19146538195678e-05 
F15 -0.00386340689066866 -0.0201196653067153 0.00641057803557125 0.0125538192384734 -0.00114631703613823 0.00770395591866902 0.0556676423939627 -0.219303689022988 -0.026674495080496 0.398737436950972 0.0954822215288714 -0.221937952178136 0.000690565824699761 -0.0328003159673431 0.00988549293075943 0.0775609593356175 -0.0120672018462522 -0.183696816903582 0.00641822545550694 0.00284305266200201 0.00227723542274673 0.00976923695396221 0.0091656507072472 0.0846742245715617 -0.0109935457847337 -0.000820589180798282 -0.0123674622878032 -0.0520617481183851 0.0178327629004356 -0.00183062270903809 
F16 0.00487337214564872 0.00209018319499371 0.00068966173163438 0.00143844090728957 0.00511759407113089 0.000763449514295622 0.021994874828266 -0.00699165994460996 -0.111574213878883 0.000594054352304853 -0.0187869331977109 0.0243936058674609 -0.0704903380503081 -0.00115755556929855 -0.126239405562082 -0.0473330735448068 0.396497807627928 -0.000465352085493819 0.0260436795056885 0.0457195933753681 -0.0586867063612677 0.00045476005551852 -0.155538457178865 0.0187512252124501 0.0410658092457559 -0.00726247404104382 0.00441831894152864 0.0185764802707295 -0.00907139935003822 -5.75587181746696e-05 
F17 -0.0137571870370405 -0.0567305982553331 0.038441465461324 -0.0823428422605693 -0.00108808895446446 0.178782939227089 0.1222815430909 -0.208426202870437 -0.0211995881482888 -0.0710522120213013 0.00831047643995902 0.173733130656194 0.000626687367825016 -0.0149415815189993 -0.0533750169637927 0.0259657401900284 0.00349703628261988 -0.00445987418253737 -0.0522661738751486 0.0131960501865292 -0.00363015664518152 0.00926541831785908 0.0129011984833974 -0.0108016193200143 -0.000499276689417125 0.00213542687746814 0.0259505627519537 -0.0186439164134055 -0.00101940675460029 -0.00130881861520598 
F18 -0.00842546607835174 -0.00863312318643929 0.0061409082228718 0.00978995019856426 0.00434204586094159 -0.000528574687886984 0.0410527267679314 0.0496953350186862 0.125713451405556 -0.0225217244007802 -0.774552640107703 0.114142344709006 0.00201374088246545 0.00154794069394314 -0.0367846773347891 -0.235792426818958 0.0546840902636378 0.00754389967108418 0.713835639118504 -0.0638080691739307 0.00425871698984679 0.0064437483242808 -0.0222747973711224 0.0285649464900369 0.0744350249562015 -0.0463517115816981 -0.218665170490546 0.194115722203892 0.00114777157558209 -8.2818027438984e-05 
F19 -0.00335132548341743 -0.00416036178014186 0.00302077175771577 0.00785469055173767 0.000935865854786003 0.00125315710009886 -0.02039037077879 0.00744699148364588 0.0122259397108224 -0.0163444844653806 -0.0173373157534677 0.0794396213046182 -0.00352890790042399 -0.000389861805962332 -0.0360241931752877 0.00521117220001668 -0.0248537376482239 0.0257367611219026 -0.0419266971198503 -0.00430735940632722 0.0257243536201785 -0.0231617943456724 0.201805054399935 -0.170100634156929 -0.294346220320337 0.175833947879798 -0.101050719980383 0.0403672646466701 0.170940878614426 -0.00317869051511965 
F20 -0.183108939286825 -0.142594575285216 0.18614466189343 0.217762908949668 0.00280279157804803 -0.00127088709777278 -0.0429361633505761 -0.0757885011723812 -0.030692486552501 -0.0206349231251155 0.0447208006560769 0.0082677114988672 0.00583860728980419 0.00489702886960725 0.0102893513428448 0.0264326008669844 -0.0258005873453538 -0.0210670343363649 -0.00670967192593544 -0.0132711356063102 -0.000356283423326224 0.0223202209722499 0.0464817724084878 0.0211499141244229 -0.00108135878351147 -0.0100612278574215 -0.0322422772182194 -0.000851807985362983 0.0112861398377553 -0.00220096385738239 
F21 -0.00648611650736255 -0.00385518437527533 0.000949452582365292 0.0217903321401975 -0.0529516705390669 0.00498841928405722 -0.111840333386984 0.0050387335051228 0.376712692811917 -0.0125319956279107 -0.178895499694963 0.02860627087344 -0.0257942058961223 0.00150814191245335 0.0123555828953697 0.0135025428317081 -0.13798925066878 0.00366809097055289 0.0316428384066714 -0.0138064212751618 -0.00598439696283635 0.00286616500073491 0.0862666308069115 -0.00861649599962255 -0.00613954108418608 0.00694656759300302 -0.0152725968936003 -0.015493268126314 -0.000281759755945064 -0.000118334762421403 
F22 0.0101981873561596 0.0254308007383008 0.00243527778662478 -0.0159130570923962 -0.00655282371687407 -0.00296671141302953 0.0140366289265308 0.0759609016511478 0.00147374359315427 -0.0221233666866401 0.00497030363533971 -0.0665037423245133 0.00064156963934534 -0.00792028600108843 -0.0177015828803216 0.193109566728232 0.00124427649025681 0.0360591310968208 -0.0427908941269417 -0.140482361545983 0.00249411390797307 -0.0660024242056101 0.0647354228384645 -0.494124614951167 0.094267708227347 -0.0594693040142883 -0.349905439034326 0.948986288306613 -0.17990052296297 0.00167623861299442 
F23 -0.00567860538737194 -0.00490929278158171 0.00783067081028527 0.00990493697622446 0.00133607581061831 -0.00342142272737523 0.0216509521436378 -0.0144711469885092 0.0413069953759768 -0.0373043536246901 -0.202101457114349 0.236883250566169 0.00275853397508112 0.000778154773745211 -0.0183067433141514 0.0153005833313706 0.0816427782527349 -0.0164041778460186 -0.10673121626411 -0.0952656249388112 0.046360436256774 5.93356096035927e-05 -0.422887652585519 0.0691094177040224 -0.0756178936905697 0.051181948516099 0.855979293547727 -0.365112294524546 -0.0743569722388022 -0.000414272656670909 
F24 -0.00428754148781901 -0.0234341390794753 0.0156580861715769 -0.101133080931815 -0.00708413340477757 -0.00540839090453561 -0.0123329851071741 0.51539485151918 -0.0098987025782695 -0.0171299314453847 -0.00900167776667172 -0.639610367270447 -0.000883113723594602 -0.00494703847173355 -0.00215136278623721 0.203546509939047 -0.000741019793638086 0.0315612337110872 0.192722302034623 0.0119128826569425 0.0095397400221049 -0.0062249943846491 -0.0340300408366702 -0.0591673873875561 -0.0364773449338137 0.0534211269953548 0.112353022000397 -0.187353157870065 0.0164565183574082 -0.000105480069928708 
F25 0.00428677163026176 0.0139895333046711 -0.00341436288390225 0.00908790193277459 -0.00400655438525305 -0.00431161107373747 0.0296494545833263 -0.0446866905196113 0.0238960318181588 -0.0636667754219577 -0.0814418805991248 0.0537846946842947 4.95857076150955e-05 -0.000199260405317076 -0.112457472775157 0.695298316446589 0.0151528582348546 -0.112478531580244 -0.119252456808158 -0.098878868227888 -0.00241941589834693 -0.0145159952386093 0.0559040550731103 -0.151548491127288 -0.0382621965862915 0.0948865564325045 0.145987888815206 -0.315154115891992 0.0252211426789774 -0.000207070843146331 
F26 -0.00640629152069129 -0.029668531333019 -0.000948927356175821 0.00147749327549484 -0.000473288122237383 -0.0026956126121323 0.00793182380254253 0.00316378657503916 -0.00604505186694076 -0.0032972758521275 0.0513004343979283 -0.0735792210567742 -0.00028890086675759 0.00421478635320336 -0.0464498129656122 0.199418117351933 0.00178589707950082 0.0291443833346286 -0.0690671116876144 0.013272096391805 -0.0278060322009893 0.187458725637886 0.0657818202012953 -0.397231705012718 0.0267660027265498 -0.041042541306934 -0.133466313676086 0.274309345777901 -0.024688527856074 -0.00133332373077974 
F27 0.000313761834519286 0.0104328095983719 -0.00387076202450728 -0.0254405991809485 -0.0375784539625375 0.00464461968334955 0.477210010266582 -0.293943259351133 -0.0446241146754664 0.0405330651124113 -0.305386427982658 0.122383854927334 -0.00255788126439022 0.00102998637680673 0.0560881140340962 -0.0471475810667081 0.0123345082122015 -0.00933713563058235 0.0553963431170171 -0.0318231659201077 -0.00158800683242325 0.00172661741746471 0.00497486454720938 0.0248742561148215 0.00214331745656799 -0.00949767100944957 -0.0284236887230176 0.0242250405485709 0.00371751451368615 3.28729051434087e-05 
F28 0.00136663990362696 0.0036021278606161 -0.00108483105236185 0.00326919364957376 -0.000930035960645058 0.00030964700209908 0.00378157806983939 -0.0270684067859569 0.00174054366593947 -0.0028815414394818 0.0154540887905625 0.0974038228778343 0.000334981948648641 -0.000652096588054706 -0.00258544183576332 -0.074414067539227 0.0106634391367617 0.0111089082709191 -0.229133941684402 0.428203634550462 0.0105958305841194 -0.00509101340759506 -0.0555676696400776 -0.0186439709485147 0.02484366137427 0.0213791325539288 -0.136191928649854 -0.0892997091639647 0.0106100226521964 -0.000153099324902073 
F29 -0.000316314068454641 -0.00116332070255886 0.000920167872856847 0.000288900070001215 0.00130313493871991 0.00103857021339712 -0.00521331568247737 0.0118559332173847 -0.011332620745158 -0.00244880870796083 -0.0552080357731954 0.0146022547206172 0.000651748843567385 -0.000204647102745827 0.328508346317622 0.0133525329140878 -0.0244595094108925 0.00108831559048266 -0.105460469011669 -0.0937447395652768 0.0111727751328077 0.000687828951279881 -0.126210972446177 0.00126502852847535 0.0189033564205271 -0.000116727870196445 0.00174141241373319 0.0253291367763675 -0.00757134962463164 -0.000121684696406771 
