 F00 F01 F02 F03 F04 F05 F06 F07 F08 F09 F10 F11 F12 F13 F14 F15 F16 F17 F18 F19 F20 F21 F22 F23 F24 F25 F26 F27 F28 F29 
lhe 0.91436275385022 -0.632415087372386 1.41033604035814 -0.107410894617641 -0.560965794882886 0.472247705530251 -0.260901884657945 -0.711061617694631 0.663211209288206 -0.0317026774735938 -1.99287064335115 -0.603552022125124 0.603674904135372 0.0471194097711909 -0.0890202359181206 -0.126148051844144 -0.270199126243246 -0.160287092672875 -0.989220152734908 -0.109250450617964 0.0120024589824067 -0.332115386666729 0.222567741531065 -0.498191460102372 0.741913183045158 0.147379136207804 -0.103776514243427 0.95967383933502 0.122519166951166 -0.209379304333197 
rhe 0.974540948997514 -0.244993464452948 1.36500524642507 -0.141652099922293 -0.714092711429424 0.364051707958094 0.195415084585696 -0.749588714624803 0.529830714704645 -0.586110677938972 2.87250148747803 -0.804406656018496 0.909952435932029 -0.0590214401716298 0.0589344100290558 -0.74283624936218 0.218986495985046 -0.286763283626028 -0.405669591655752 0.437181021436463 -0.917676863963611 0.117402428113701 -0.346033205018691 -0.40583316123266 0.251468035312349 0.512622935512584 0.68573234999927 0.186971064846627 0.291841781259669 0.301505389472164 
LE 0.924302442716212 1.67350709902994 1.71434899962337 -0.0839176648546685 -0.533051982987451 0.434969136384777 -0.150717442790234 -0.744912971850233 0.598334025489964 -0.0794940870750285 -0.3179265048284 -0.714406931752626 0.810099177943414 0.0272271672813171 0.0481861486440634 -0.161400009080661 0.116421251917814 -0.0434472556422228 -0.657394081899045 0.160117271440412 1.67528877171902 0.0132812904131337 -0.0410193907786923 -0.340518311217407 0.80176386927978 0.160006611710575 0.101193044060445 0.815313348607646 0.129746746613797 0.111378797020933 
MiPf 0.994793554128783 -2.83664804524174 0.638608200869743 -0.11245017560761 -1.01347728300338 0.540714484470923 -0.68832631040941 -1.02399937757599 0.571123445426414 0.191602820080485 0.756710516819439 -1.29886248599638 1.45151891133775 0.247631454772473 0.282934195847771 0.379408366936994 0.370280178194199 -0.26751838034902 -1.5163028677015 -0.202708035048865 3.19147531346418 0.680842824262703 0.447590869222506 -0.835120799703136 1.52448226856853 0.225550786258659 -0.29658837267591 1.00615961848795 0.0721707348578123 -0.813200895549825 
LLPf 0.965415666107127 -1.98109348140723 0.688860743571373 -0.108051941929299 -0.871055088798682 0.903294670779753 -0.5938512951832 -0.872536878088175 0.762184118346826 0.178450004872902 -0.594823229199141 -1.06489668347887 0.880610842650155 0.159841550518566 4.96287525896858 0.248461047308861 0.397448977890249 -0.00850442562945635 -1.62843409767788 -0.41321919617948 1.85142659314705 0.494298037097041 0.471717043498166 -0.739861725279637 0.874472571481136 0.028496492525548 -0.34294650633914 1.03228950869092 -0.181704896747854 -0.635190233652773 
RLPf 1.0008941029646 -2.43896802962594 0.701098265029659 -0.110561021239887 -1.03871060695389 0.484456517634828 -0.302065600894717 -0.989404030118195 0.599087289488649 0.160980525434711 1.890618972198 -1.13271859130694 2.11701147569059 0.996492981127225 0.0146352859526498 1.42704443432476 0.396004956440608 5.33375171148946 -0.838208713200106 0.00793965207219847 1.04357769206832 0.616244363208364 0.023150367860712 -0.805912961062656 2.69443154320647 -0.219300185205658 0.0983417412538407 -0.931625331609055 -0.308879468164194 0.458494175263719 
LMPf 1.02365902573146 -1.32213793517256 -0.437509616024759 -0.10002351927869 -1.27869091280678 0.741855722513707 -0.979175657668874 -1.12383107005101 0.658265251465031 0.416651294490815 0.419927367077214 -1.5199157830319 1.24316612607359 0.298872659513302 1.01300917413665 0.612247040209333 0.728197561127016 0.0805992766759779 -2.13443990637207 -0.590413721312132 1.52894540965787 1.41311722894471 0.896210947664064 -1.47896176063007 2.04625644471258 0.404239632249175 -0.628254754073317 2.47707645127757 -0.152062919141713 -1.29504657766119 
RMPf 1.03594382804551 -1.356333584181 -0.409038912369722 -0.107513844842505 -1.35528607417053 0.527469853959023 -0.920667378119852 -1.17539052439032 0.583220310955692 0.693280476711849 0.875120857026598 -1.4643712326834 2.17770846793811 0.563548681943663 0.399993415482642 1.3488823136831 0.568757291330793 0.156267936818477 -1.57551031989121 -0.463251528992668 1.29718243323474 0.786085100082058 0.709755600450537 -1.24368436141959 2.59449367393754 0.510874256509296 -0.504632392343091 0.127002592877998 -0.270464122612597 -0.992228877639829 
LDFr 0.993039642686405 -0.906613582404578 -0.463459410642249 -0.0904791962664072 -1.10508778847064 1.32569903602206 -0.786966808774183 -0.984131223915826 0.934844128401495 0.32303310848263 0.0567631902136202 -1.10285810483545 0.503150337230197 0.208932191613535 1.44685042567296 0.475238431120414 1.4226766978797 0.0225782346044402 -1.89001481413319 -0.620044446030044 1.03157372495854 4.03660835992467 0.943789513728718 -1.32683554180773 1.10337154552261 0.370478617486583 -0.618424758870928 0.857812665517214 -0.0254117690650485 -0.448594927206798 
RDFr 1.04196941822114 -0.913662879511095 -0.42999533081 -0.118814509718577 -1.35272134925754 0.483884966930891 -0.368570369320373 -1.05261429040801 0.636668032695039 1.92496140826661 1.15369267340011 -1.23068551379739 2.1038167777724 1.42399066676013 0.217212178108662 3.96057622442135 0.552837652743522 0.0834151923171433 -0.769438239630461 -0.283102585887775 0.573515607712639 0.643382520216824 0.273778905366051 -0.849575030435858 1.42350298987881 0.931060929119503 -0.114992536525268 -0.678050822276158 -0.14572428235313 -0.266427623165665 
LMFr 1.04949116668963 -0.716860603925392 -0.996386211009208 -0.0890451570216587 -1.40554341378755 0.739823587502468 -0.967642883553185 -1.18231655539706 0.711394672966382 0.51862466185484 0.445372311072283 -1.32134196390211 0.342186514357594 0.30982296642113 0.610546180621863 0.64286308989889 1.03338404656921 0.230175138677737 -1.71554461093545 -0.666699739446088 1.06720384259167 1.39927890758354 1.04715407673564 -1.82261779490369 0.840167709665808 0.794164103374971 -0.778350116151816 -0.327404090576093 0.0799990772843894 -0.487963744656384 
RMFr 1.06401476656733 -0.71829058365766 -0.984868889846078 -0.0975006706099263 -1.51130394779683 0.485877839072082 -0.797810260706566 -1.25078477657742 0.603731077631648 1.14561935991343 0.746173446974187 -1.30776920104752 1.37202776010148 0.649197077290435 0.30259852068988 1.42638798252624 0.668936251646004 0.288846936236471 -0.793248333931198 -0.466879377811412 0.883995368694475 0.707085312489527 0.826808012262319 -1.29862566328788 0.557284602412472 1.52372475452002 -0.667659758428587 -0.666970591422411 0.324274732709162 -0.328368916193326 
LLFr 0.903690017827587 -0.606957972981494 0.0484416197471494 -0.0916530064249566 -0.678616787132154 4.10388121689521 -0.367495349388977 -0.540284988903063 1.16916747879507 0.14162442565046 -0.376057068747781 -0.133664038499312 0.257026203766414 0.126909658879526 0.642064860860857 0.105855041525777 -2.47510816095315 -0.0715841160130126 -1.12514668832913 -0.574993382791414 0.403395333695101 -0.490837022225794 0.622670397514465 -0.675278091388717 0.499204319047072 0.262409125315025 -0.224765832499475 0.408401790097364 0.0276916364821577 -0.1621649621788 
RLFr 1.00112927248057 -0.680797224684894 0.137457475656566 -0.221696691456594 -1.12122509371664 0.47918892508564 0.731930192208687 -0.666123417194346 0.730074189907722 -1.83713403181388 1.58215307289683 -0.931901825591542 1.55674978755274 4.68200439550154 0.0723303614603771 -1.08438501101352 0.282356456919353 0.0759674614200286 -0.227847379220199 0.221952394370065 0.13112795474816 0.32886352561371 -1.0532146931268 -0.434180680043858 0.992745782600441 0.284283959844952 1.76107875575679 -0.650301752024392 -0.313293414578544 0.373695140355525 
LMCe 1.03729705112677 -0.436491037918955 -1.22578764948936 -0.0652004871161466 -1.15739026301301 0.769938151083635 -0.334196396121322 -0.807465944671762 0.909063436559291 0.425929792206065 0.420290274430857 0.421243403360217 -0.534951557083553 0.264534777047524 0.429268323303134 0.48602704567881 1.23678067277214 0.263451026048597 -0.13077418621837 -0.475734872494045 0.775398399157625 1.05917799883435 1.34318489086378 -0.792814378900972 0.535389832328992 1.02570582785962 -0.610531785949075 -0.920431295132948 1.63274607655175 3.50900968978953 
RMCe 1.05846863089784 -0.438651071392179 -1.16502600757267 -0.0735373964931204 -1.2698358385819 0.440136508214477 1.08834063518244 -0.740074030982917 0.673714321359547 1.43831122688728 0.770442809282251 -0.641262339791482 0.284841885223448 0.730804559492588 0.196189138291164 1.11399382733522 0.608619884296751 0.349701907466201 0.398933535042084 -0.000667276400271951 0.637326914931747 0.501815616167724 1.0250972974808 -0.398570375667795 0.478714192267166 2.95371700661741 -0.371976655166097 -1.26853827102929 1.31113771825066 1.06394254564393 
LDCe 0.955218237861347 -0.502849129927565 -0.76149046379016 -0.0715545962312201 -0.838468383391753 1.65498622336565 -0.40537908276236 -0.5265271567908 1.50610302602907 0.295825904396507 0.113833157798444 0.737346386543612 -0.230217001586348 0.207262163397598 0.678925714823055 0.334786033304128 3.29964249542872 0.101172548993601 -0.871411835284019 -0.570623005727777 0.625804151467034 1.59546270421541 1.06101717946497 -0.81285594680174 0.567062420391066 0.628071651569573 -0.43797495708343 -0.28942370290676 0.454492339857585 1.23993342936915 
RDCe 1.03743420016135 -0.492658757848511 -0.680954903117854 -0.129324363231296 -1.21546139623194 0.465439892225028 1.60589391731593 -0.534444980831526 0.775760548745105 3.79577669835478 1.07456820755558 -0.779116120373304 0.996836535629844 1.57839861454163 0.112700833011241 1.33639821491838 0.504583223908289 0.232215899944198 0.218736103056569 0.250742276103077 0.281151433785145 0.471782777925342 -0.310109789523406 -0.359559265352001 0.516723696405218 1.90033086464954 0.00644486409115292 -1.02342654055931 0.315788928913997 1.09346943489883 
MiCe 1.07123870200422 -0.483287692845738 -1.29343371249221 -0.0789680536077794 -1.47269351013454 0.519502385580628 -0.553525214959387 -1.18223716681564 0.641349939483067 0.701820011443612 0.571629528436295 -0.832576543118474 -0.258997431007942 0.387302512007233 0.316122190416019 0.736131521284198 0.810207330261062 0.33630037029555 0.365485091814952 -0.496845001989123 0.85962539394132 0.735965732574564 1.18219052356205 -1.33168266343321 0.624760327409899 1.52469960364418 -0.758164063578838 -1.14598880194885 0.952951593803025 0.243964180741854 
MiPa 1.05514451800773 -0.326510546020439 -1.40078748032655 -0.0490405717456307 -1.10854680391174 0.478337823744482 0.611660739565503 -0.59254041089762 0.712741756041413 0.575479134868226 0.583472142974266 0.302277694026074 -0.689015438059062 0.344891838576815 0.223589100068511 0.560070131036926 0.720587557956405 0.365340130039003 0.751865683210994 -0.0194646766266176 0.679201789783788 0.542136231539887 1.62113103799912 0.240148897467127 0.444143585098424 1.41605616148969 -0.434925140493204 -1.42817600968466 3.8447770751228 0.804379771945036 
LLTe 0.823357087426175 -0.268440927403827 -0.668996618471326 -0.051969299320782 -0.125598071502045 0.983244873335586 -0.052010000462974 0.58420384237498 3.18843669451962 0.182596798662879 0.111742145865653 1.22842588800376 -0.320795250407943 0.112250024901089 0.266786774572317 0.155531681834968 0.9435523805372 0.0912727609492529 -0.150838563589537 -0.75028336238152 0.218532895576213 0.493765021878803 0.823440228276181 -0.0521388976963373 0.129777568336052 0.174414696286355 -0.211054819395949 -0.476435122541592 0.335477375561783 0.152491030704943 
RLTe 1.00424514238767 -0.248817072199924 -0.520216648166428 0.0204499314023228 -1.10600544729944 0.448874695361343 1.93825821089921 0.310898141912291 1.00510658624514 0.455768516594443 0.969668396322353 -0.630009622837471 0.696845264778565 0.0677381018932284 0.013147746744356 0.282923328241271 0.372416777057164 0.171488754986728 0.582298091522471 1.19910588982488 0.0796437121417689 0.279676226411297 -1.6388211583112 0.197823132118433 0.0201340902994869 0.696093297515134 4.15542825294256 -0.561115184355781 0.022077393354693 0.984133312206564 
LDPa 0.976225587531225 -0.313922414412484 -1.14755882330472 -0.0475015292279599 -0.621058586053342 0.836868704403505 0.0742598808387273 0.134731302640969 1.37768079652825 0.282212777546161 0.352539787643264 2.12871437697139 -0.646501214644507 0.186001470142091 0.317329641275546 0.318783050312349 1.2080466678985 0.24730864913023 -0.002567175158145 -0.433356351638307 0.539461987668053 0.773645820046807 1.37028577803499 0.0429221770795647 0.210772664012431 0.591823176981581 -0.353500768885556 -0.9690732032693 1.05617470396093 0.755857037776697 
RDPa 1.0441345620649 -0.301048238597779 -1.13575978087332 -0.0322339236301721 -1.10898433609049 0.425909334896032 2.50414623151535 0.106183898637547 0.773178683198924 1.20775404667668 0.78926357195765 -0.356591499258306 0.325706358730789 0.543952316065809 0.0881323428828242 0.679953043150136 0.505371634479279 0.292841113574547 0.760420405493494 0.934378900248226 0.43770242649118 0.373153682403414 0.269888695959328 0.343101969860244 0.0460258508625961 1.84240365180439 -0.649019740083487 -1.09713297576532 0.95206350137081 0.95967278729161 
LLOc 0.946164536082357 -0.167102413464271 -1.15102745524979 -0.00953150281660341 0.437566438268118 0.504407403102413 0.359360189000602 2.27852268706876 1.13660501133351 0.160781903565211 0.432017448524457 1.266344145734 -0.598981176098197 0.0841003037556208 0.058617403180731 0.148553544561022 0.572360396489385 0.269593610776439 0.680604583583431 -0.640861276518207 0.269561408348706 0.366785554976981 1.16778307088745 1.30336959253321 -0.308233779252114 0.0634510901823497 -0.103401359657242 -1.03637524362803 0.636006988892562 0.675220349569524 
RLOc 1.01516517910095 -0.138448268548766 -1.15253317803668 0.0790140659555087 -0.629717387063028 0.42532090982635 1.91529560178985 2.48252024062662 0.816664852700245 0.393237316966066 0.66606485778975 -0.259531972621961 -0.299836262127787 0.164837355788628 -0.0100547872198799 0.280951599149416 0.399113237051523 0.254465960565264 1.15373063825667 3.95487293843836 0.155387074156734 0.233636363378691 0.222719311466473 1.06119793204914 -0.178472410073468 1.00513999352254 -8.73218166969113e-05 -0.984456170765868 1.12605857455342 1.61216805859249 
LMOc 1.02653382051752 -0.238451093634569 -1.38913393670394 -0.0282078366399348 -0.540941835572098 0.500223923944281 0.669731466078645 0.245736340628949 0.854234361494048 0.333515149885897 0.533449904117355 1.20992692191506 -0.938107094140813 0.220953133096856 0.161952762329158 0.358557338208245 0.701401683123773 0.355722437068354 0.548197965751673 0.175535252589237 0.494915283885049 0.480126740065547 1.81505736697129 1.83662540170739 0.118035749093332 0.592151603660754 -0.256424563704002 -1.40468010442097 1.56807901336008 0.836033569919227 
RMOc 1.04308675807305 -0.22815781019775 -1.36260796996488 -0.0118319082037019 -0.726333136368671 0.411876982373459 1.75709749191639 0.345460178784619 0.706179881492426 0.566690626999794 0.657771931838411 0.207653847670887 -0.440248330133344 0.32250171429744 0.10415237479705 0.469214893038239 0.541007127154148 0.350955689853868 0.94422488167405 1.30655698791146 0.45892979778576 0.359662711465762 1.90059325733552 1.26508318775905 -0.130226840860932 0.972794979817869 -0.155788666014305 -1.33902303726941 1.52722157960947 0.995234101553689 
MiOc 1.02560453516036 -0.122436180997742 -1.31183066675149 0.0256612266371781 0.647393961942694 0.373401402480449 1.04825840361767 1.26573843516392 0.562387772601196 0.211532649312851 0.603495137103685 0.468232990749983 -0.764910386857908 0.125311440159 0.020258537191483 0.204469990660025 0.447493036243812 0.3140098181088 0.976773687725264 1.99422371793079 0.27247091768139 0.245431201625308 1.22000412102322 2.06100296450392 -0.260254782608322 0.220637246495689 -0.0267380025121717 -1.19260289857537 0.657124217468668 0.785883282831834 
A2 0.946592589768222 -0.0239628941105637 0.261385665396327 5.45449096367066 -0.560595370805642 0.389496138240752 0.979868389633582 0.23376708830034 0.765961024818168 -0.328301464106394 1.21750981927852 -0.600450392793733 0.393726669230763 -0.15133482908035 -0.0129068938093175 -0.179580926410387 0.2746385378599 -0.105447275656764 0.340278668809158 1.34127590684491 -0.541648408135332 0.108452108931642 -0.794116733273233 0.302387361779263 -0.00261166828344711 0.572403255471547 2.14901529431652 -0.295391987617038 0.0922077871497569 0.633402880345823 
