 lhe rhe LE MiPf LLPf RLPf LMPf RMPf LDFr RDFr LMFr RMFr LLFr RLFr LMCe RMCe LDCe RDCe MiCe MiPa LLTe RLTe LDPa RDPa LLOc RLOc LMOc RMOc MiOc A2 
F00 0.192526703979858 0.143010257768632 0.279669785644249 0.0239859304534381 0.00652223130214182 0.167110071497691 -0.0777371943295364 -0.603318183093293 0.0366921001466418 -0.0607032354089534 0.105904174362104 0.574212904916013 0.0851850275701836 0.0205637196915799 -0.0158474280513178 -0.131858345233098 -0.0426601490588353 0.122090561942857 -0.250808870731407 0.13477002004789 -0.080914536549291 0.00781187739390779 0.497072019805227 -0.267065922569622 0.420177112399701 0.0572940276680528 -0.723204279429809 0.371160239701422 -0.049058255211986 0.0532466231260145 
F01 -0.0332389203118569 -0.0398487386872386 -0.037708471795775 -0.103028525479295 0.02793984178623 -0.101100526497614 -0.0468417614452378 0.180168277741382 0.0114266458401151 0.293004554228648 -0.114116941953172 0.631883095034312 -0.0163913059625069 -0.0912301389382351 -0.0910619090229497 -0.416041806644636 -0.0116227102455501 -0.283872211662283 -0.397669728856712 0.300013761391033 0.00445219261362683 0.0197835889676036 0.148476363235541 0.445565788490838 -0.0188390020670841 -0.0436108458940193 -0.0465745607963506 -0.252682244726356 0.0730647404644053 -0.00926246756507251 
F02 0.0145829033082148 0.0149228842176669 -0.0382698867328401 -0.0280827608753602 -0.00381620459648948 -0.0223584162093112 0.0168783257750618 0.158618941292204 -0.00828988572974763 -0.0669613168114236 -0.151125761223267 -0.017373505814032 -0.0140293006635687 -0.0131992929871616 0.0282234641465859 -0.280690981940257 0.0107398726984347 0.0641131283606872 0.436693567851489 -0.808246748543173 -0.00267971948457939 0.0918782296247245 -0.053436812083417 -0.339684944335044 0.10625645942093 -0.179522663903132 -0.219754528704468 1.42222063145421 -0.143693188004912 0.0135604988642695 
F03 -0.0493694262876518 -0.032277866053376 -0.0214859589177731 0.0311245128897795 -0.0147812283355041 -0.119880082821299 0.161114166918358 0.214184883125634 -0.0185660393479512 0.250119286795099 -0.139672284921709 -0.715890335557498 -0.0424205778180574 -0.0261500210064883 -0.686739186202162 -0.147519734190071 -0.00838950570230598 -0.0821224950240936 1.43808216672796 -0.570901836659889 0.00349156527749046 0.0241885266762489 0.46803490704848 0.0988332491250706 -0.0529822016700452 -0.0141857436774455 0.0263235814418737 0.128839727556301 -0.04489173209619 -0.00484152566784477 
F04 0.000505323957800537 0.0168819739360398 0.00125044995611953 0.005103218308601 0.000861150058488166 0.00196487156265357 0.0186715637129241 -0.101681598876042 0.00161794115712418 0.0219356367417512 0.0839373951636358 0.191467502456499 0.0083537077013945 -0.00236667682177753 -0.20019478679405 -0.176252595924448 0.0418085824266168 -0.0155715814669712 -0.511499649614588 1.13385543275747 -0.0077538006573395 -0.0625447956420274 -0.142490917503209 0.139356136146103 0.066807809548441 0.0829408713898038 0.0115573471144299 -0.511391045644591 -0.069602704422759 -0.0163584536607107 
F05 0.0108608819206218 0.00843711640582148 -0.00161475913061406 -0.0433906074786847 0.0185756134517226 0.0180211113736087 -0.0714714713779106 0.0612942180589093 0.00493142351991878 0.0631669783659278 0.0143407771052304 -0.0860593966437506 -0.0200501132568185 -0.00714151557871304 0.249855963592497 -0.0708957733487982 -0.0093845623762696 -0.00844887767760971 0.0310683754491373 -0.0383933684867251 -0.0401674434957588 -0.0679512981949191 -0.281948743059423 -0.0318608661247871 0.70545960050791 0.039597744920608 -0.425095282955967 0.377622190164018 -0.371580835573885 -0.00892515697721945 
F06 0.0261086254414791 0.0157778907890352 -0.0293170279652229 -0.0586689967721293 0.00596437263907788 0.0627510121935154 -0.0975835814452554 -0.00651201575144898 -0.00423201770336767 -0.0143063730488444 0.117777249602546 0.0582568621890133 -0.0422930318554892 -0.00347496572933215 -0.801923123376766 0.00420870817215599 -0.0437514190538036 0.0103126420817184 0.156436907276236 0.0819400551476373 0.0203574217052817 -0.0227575586249107 0.981295431056404 -0.111211292543606 -0.143555936130862 0.0231233791497673 -0.266225532450689 0.0920073278690224 -0.00480265044127262 0.00180480039291618 
F07 -0.00466482838304962 -0.00301566287912817 -0.0210944486690974 -0.0302669240839494 -0.00226728000939848 -0.0411916365667457 0.00833019994351033 0.287605112487301 -0.0108432436310043 -0.216979192196317 0.0762643197171299 -0.366325318414606 0.00295110345361409 -0.00339152808846593 -0.0465916416254189 1.49717011660609 0.0147431243905752 -0.159795963761552 -0.408298921365239 -0.219660851214244 0.00117656800882138 0.0366938516875656 -0.0526461707986663 -0.355714541020264 0.0333570526714919 0.0523809456602316 0.151166454266355 -0.164221577851026 -0.0320200144262556 -0.00181010552175312 
F08 -0.170077110470661 -0.0640539861816956 0.355303023392246 -0.0763432798897506 -0.0568759371303993 -0.113341360568338 0.0341621118050411 0.179945976905859 0.0101238422950932 0.0739641839937137 -0.00573596639687257 -0.186586016935436 0.0159176401110787 0.0224484132041552 -0.0198229770402838 -0.0247037777690031 -0.00318232786018965 0.00331145093585247 0.065459037362559 -0.028265294877996 0.00610498873757151 0.00398973392028438 0.0304859503350324 0.0277907235890492 -0.0158048218856437 -0.0209097812772256 0.0148363424110572 0.0209598531571516 -0.00891374677507806 -0.0264230221495537 
F09 -0.0494988039144015 -0.0153759013368615 0.0395084132928748 0.211552581438817 -0.0432853220595253 -0.15244240092998 0.24757846003074 -0.020662622155431 -0.0300252174386975 -0.0504091178203557 -0.0485456386952646 -0.0826076790740794 -0.00300678209449995 0.00167287877075356 -0.184757744127013 0.0582448749925835 0.00613994524030015 0.0142664431913087 0.036887286574096 0.0135982794411209 0.00244662285797985 0.026270122011687 0.0989206151444561 -0.057418850520394 0.0297849016086715 0.0166564145200331 -0.0160621211816179 0.0370329356441922 -0.0577929391841943 -0.00842948124001495 
F10 0.00989504748330238 0.0240519674867713 0.000564802867816437 0.0175121774244329 -0.0121743729151566 0.0244468157598907 -0.0474931040335036 0.0256321810474005 -0.00271700763033032 -0.0462890723011141 0.0114258942932975 -0.0259530200462835 0.00237984947603513 -0.0106863777462427 0.0404701515092292 -0.36462441113968 0.0139099875695222 -0.0643689291574102 0.127228390573713 0.0580071236214567 0.00508766810207746 -0.0104886418667027 -0.148035721878532 0.646672266054612 0.00446669341037048 -0.145791582574227 0.0788421914165576 -0.248500850892996 0.0466322540260581 -0.00365666684909632 
F11 -0.00916917597168835 -0.0023332519242337 -0.0097420010844872 -0.0458788022988594 0.0112949215653741 0.0142108578293962 -0.0553750829257038 0.013088289369845 -0.0240109490890075 0.0624093442551307 0.649158691216489 -0.531353645445651 -0.01140699370641 -0.00396480510784308 -0.188565216677668 0.0300510921712182 -0.0276390443245874 -0.00156160647177149 -0.0148556570291917 0.0823705966445406 -0.000987349657963034 0.0062780850754954 0.0838417564381858 0.0647740722907275 -0.00827330967316733 -0.0136964861602883 -0.0628740462339717 -0.0230975078935365 0.0253565271544481 8.9173021525305e-05 
F12 -0.0205022215393233 -0.0118659644507275 -0.0259655508411744 0.00790687400277552 -0.00761680114431639 -0.0396291631710725 0.0802435809731115 0.0410871643870144 -0.0134237125023093 0.0429012814025599 0.0280565083851954 -0.112835828071234 0.000310898317267224 -0.0089743838273121 -0.193121220759265 -0.0138996453522903 -0.0039866658767434 -0.0381649147134765 -0.0354480217323029 0.330262079143298 0.00547842615241503 0.026788430858556 0.228522860713719 0.138533046885282 -0.0835122523547538 -0.119381961140949 -0.316152170935638 -0.29067295191169 0.455779045109724 -0.00507751529622135 
F13 -0.00498650106380843 -0.0028185554706269 -0.0147327106457745 -0.0159348350891239 -0.00317708416353624 -0.00620411485413603 -0.000895653631646614 0.0618780955316641 0.000744922579985531 0.0260344779000758 0.0489306208701707 -0.0905219087824557 0.00950127976939761 -0.008979869374765 -0.164437662830664 -0.0271321308165042 0.0147626451974112 -0.0125442310484032 0.0446450377665179 0.109288874936604 0.0149673970157938 -0.0261446776305176 0.0519611119501452 -0.0289147800397625 -0.202791904713361 0.367543166604344 0.276976408512661 -0.330047107779177 -0.0850191880646925 -0.0110426717111381 
F14 -0.01278287256043 -0.0135350879542915 -0.0143920312133727 0.0315168276501606 -0.0130736397798788 -0.0390052652957503 0.0132682312267046 0.158127033759362 -0.0205075677458526 -0.0514248553318452 -0.358506281061524 0.0109506302600725 -0.00452872115029926 -0.00011165765835808 1.14495785551827 -0.111466955819114 -0.118016155079603 0.0237247050842582 -0.183062153918593 -0.201119200107146 -0.0026456826725493 0.0193343623861222 -0.288313246041232 0.0215173978589958 0.0568588772320022 -0.00415129660710694 -0.0725010509184496 0.104591534731135 -0.0622276568624467 0.00413388376259579 
F15 -0.032134990312718 -0.0684869191904018 -0.0134373756656802 0.024947526298863 0.000888103621850315 -0.0214184484207896 0.0629640412534052 -0.0626490555870334 -0.0118213861561574 0.0812600841186749 0.0185656082702467 -0.0306406563630833 0.00152653884013242 -0.0268684603601538 -0.0639686927506415 0.084139249010408 -0.00196063388563972 -0.0581783183710218 0.0169914684053963 -0.0220470357468135 -0.00451919165768601 0.295505493068159 0.0429959428549891 -0.259007115398156 0.0063553148087868 -0.0610905554402028 -0.0237090349085677 0.115640685717447 -0.0161682689785679 0.0537812817612567 
F16 0.0346448640864432 0.0088080522139147 -0.0105462483245626 -0.161658186835529 -0.00499890551381367 0.0192098919074266 -0.235031077795623 0.815800489132945 0.00651088591795098 -0.112116245845132 0.126319044724724 -0.69119180209471 -0.0154879421466021 0.00551450474003008 -0.0415423988425926 0.13426320283748 -0.0102717598692902 0.066687115459104 0.186321176287508 -0.080782820874057 -0.00100756527825017 0.00128015370027092 0.0429475317717612 -0.166546368456069 0.00567802866788979 0.0351228984747687 -0.00985537607818006 0.0799523314384798 -0.0249210417485818 0.00134563753827401 
F17 0.274345235708796 -0.1596545846427 -0.0539889072448175 -0.0421522065259419 -0.040694655239463 -0.0233317692235434 -0.0827502727907798 0.193095241077726 0.00956871202106716 -0.00544637047384022 -0.00517695536335169 -0.126610372301645 -0.052821158886906 0.0466039030757298 0.0385133287698556 -0.0525361847339853 -0.0152878030092561 0.0610131672558353 0.0644306440918264 -0.0176039815114148 -0.00803920285824734 0.00662599671946087 -0.0293384046925727 0.0131438693337201 0.00727907614066928 -0.0152988330330597 0.0134065062966075 -0.00549922204782682 0.00528177867476678 0.0194547942467537 
F18 -0.0661818130831953 -0.182074744336508 0.0243679168589001 0.0483758015000858 0.00428668786283419 -0.0125112106979385 0.0322138645577476 -0.0375426314739766 -0.00709665133425186 -0.0967324470164345 -0.00469016163007237 0.0206051124193655 0.00614047995092924 0.225148896348401 -0.00951198159271768 -0.312976454135526 0.00584246285740646 0.484494707686875 0.0691527053525475 0.0371276413086383 -0.00219084243823314 -0.16678286044217 -0.046735804967422 -0.131938753899689 0.0333578055142028 0.05579766859872 0.00986105246024613 0.0433660832077375 -0.0278073391797807 -0.0132251156652093 
F19 0.00427569595249431 -0.00765530757670246 -0.00258633186946065 -0.0100867477723343 0.00075127046148569 0.0126918605376465 -0.0153666538096214 0.0188115411282606 0.00190574303022144 -0.0047694718880115 0.00140000670941686 -0.00629893846772717 6.16931669121115e-05 0.000204488089814671 0.0120311453947595 0.00216703091933968 0.0254166049826072 -0.0086852988860146 0.00996839365131838 -0.0142062057279093 -0.00359330766435177 0.00543940813408814 -0.298332917802201 0.150587649981592 -0.0877006591845982 0.0541122350043246 0.726049449858483 -0.617357831780258 0.0346878357549282 0.00410320231082814 
F20 0.000308553948820839 0.000882624424814294 0.00371004119871718 0.000862451129293312 0.00604663635536343 -0.00199857722574884 -0.0154940679673025 0.0205980691700328 -0.0199786422309838 -0.000245201778618957 -0.00431780542549401 -0.00470989093645228 -0.0723992524446704 -0.00359440480458999 -0.111667517522267 -0.00257096888898902 0.22388866477303 -0.0167988502399322 0.0228968732943651 0.0228465235794252 0.00176461926287442 0.00611243733382493 -0.0783342246994227 0.0135107007899993 -0.000962169880988331 0.00129123335271994 0.0394084752526259 -0.0185352313056906 -0.00225173359152318 -0.00142031118980056 
F21 -0.0853350506490382 -0.0263642361086685 -0.0344695659611726 -0.0419942490793834 0.00789162400727632 -0.00919642010257394 -0.0871724518624077 0.200231235541061 0.0394234558423026 -0.0173044296035708 -0.06143209521694 -0.126787783511196 0.20126230441757 -0.0100446496313381 -0.0749121210323106 0.0221698009552682 0.122942987805926 -0.0246838894583698 0.0883743608511015 -0.00784626660515862 -0.00477968891182261 0.0267784826541589 -0.137850264365065 0.0228692864294779 0.0156935829756065 -0.0107861898619478 0.0693192227319019 -0.0191947927368233 -0.00546588664037962 0.00464496860052334 
F22 0.00357443002963062 0.00124740714030822 0.00197866767431487 -0.0118153290887589 0.00666062143027666 0.0091216096434065 0.0122676770348117 -0.0113959279970224 -0.0123529049242524 0.013161240498404 -0.0090503448152311 0.000611420879935087 -0.0468153869968574 -0.00407916148936744 0.119218074359447 0.019760835776431 -0.0151696055144532 -0.0116230686787493 -0.0331253236879291 -0.0189110312190124 0.200410899430177 -0.0143439950434977 -0.175029704010258 0.0197954190499486 -0.0493788682977504 0.010739466443704 0.0913631042068932 -0.0604215193006755 0.0221224376020724 0.0027728814207112 
F23 -0.00128440188053558 0.00504169027991241 0.00505008241911502 -0.00481386741981338 -0.00114074948417061 -0.00443762621522625 -0.0856441229345263 0.0719066296352273 0.196302568726469 -0.0658010380062933 -0.104121507674681 0.0427250497725915 -0.0703796518571773 0.00685837804625704 -0.0611056275254413 -0.00289259908629413 -0.0447303168841007 0.0231987014350715 0.0507779205028807 -0.000812542452667952 0.00965920244659967 0.00217606578004193 0.0397471120330203 -0.0177533458199823 0.00944544992010605 -0.00409416168065897 -0.0165597760482994 0.022536583436017 -0.00805699198650053 0.0022849896277451 
F24 0.0045858338017092 0.000358123753249357 -0.00711002229901847 -0.0279996804844937 0.00381620232614488 0.0496980493753304 -0.0812120099617592 0.0124638139350647 0.00102603038956456 -0.265702249896258 -0.0114342146126657 0.41730315024649 0.00237931118467036 0.00674601914355516 0.04617407141195 -0.0756230379084172 -0.00380887209783507 0.0468996361729654 -0.15392695909408 0.0378784238933868 0.00314799009895417 -0.000542816989432242 0.00439453741311762 0.0314307069247018 -0.0124177363553946 -0.00920824811893112 -0.0145665365858084 -0.0256186938839488 0.0214070147546072 0.00206292805195203 
F25 -0.124293144430992 -0.00871963461634986 0.0801681223552658 -0.0938498378615374 0.189229633917756 -0.0675457064778243 -0.0833933604664833 0.195546980089438 -0.0185777919371424 -0.00879324049021849 0.00577381201003312 -0.104675858101588 -0.0165983478045077 0.0123632104721259 -0.0145051708366382 -0.00253598793317258 -0.00676710614536551 0.0167691990498282 0.0470909718647644 -0.0151449386022712 -0.00153181965717522 0.00104597861315335 0.0173091177834018 0.00593863467160193 0.00620515507525557 -0.0087075585930754 -0.00572645847077391 0.00944869334832877 -0.00509173058351594 0.000323885389366774 
F26 -0.0890004063478103 -0.174405596031909 0.132813683864614 0.014604070520268 0.00323562643932792 0.167540925031561 -0.00988757097809338 -0.106995855404792 -0.00515971879489445 -0.0570628505156124 0.0112307137527438 0.116121785578704 0.0122689137213452 0.0045607974648544 -0.00852400524456315 -0.0175557565850499 0.00336116469170947 0.00250124531019739 -0.0324258205978895 0.0163121348547454 0.00130665928618152 0.0228873862433588 0.00316168110463915 -0.00092676623333004 -0.00281933799223924 -0.00235540616190272 0.0018817010664761 -0.0100557405349315 0.00174864640995689 0.00589867595251207 
F27 -0.0113503152982108 -0.0628024149247102 0.00773513104979555 0.0010536334491132 0.00273922988232392 0.00337186347263136 0.00209639827226748 -0.00213696614069446 -0.00204188735040124 0.000225278684236494 0.00714775910199425 -0.00901107064195476 -0.00356718132253667 0.133420747239162 0.00729394156053577 0.131142663293986 -0.00391420989817296 -0.191586466510076 -0.0390987477442653 -0.0127944782143283 -0.00140270106302319 0.0144559142662043 0.016490093439449 0.0333777561126913 -2.82485025059361e-05 -0.00600575000670471 -0.0155903439752043 -0.00252903381339751 0.00101266143487012 0.000437770443001293 
F28 -0.0120580704794081 -0.0305861765920057 -0.0172253426882723 0.00694394765500991 -0.00251461370807457 -0.00454872864425728 0.0169939304482149 0.00341599741162271 -0.00251534216873917 0.00549148568174428 0.00123429632489222 -0.00521541363845183 0.00496645587517558 0.00411897596378313 -0.0408912212701233 -0.0572891218923699 0.00305470469840336 0.0291630373516785 0.0159880865100683 0.0163448863663201 0.00344394489273042 -0.169060883230772 0.0258370448152167 0.0814887041616889 0.00792850035800618 0.00720953719753079 -0.0071730626494506 -0.000282076559864684 -0.0192077997187092 0.157131961610884 
F29 0.00715145395551456 0.00482492659100219 0.00112343123048302 -0.110943152800181 0.0058803461997461 0.0426275584671331 0.19884216027712 -0.0425695181763963 -0.0176149590622345 -0.0266982881160258 -0.108920819941467 0.0354517907519189 -0.00544516752787252 -0.00151327628094168 0.0243818971713141 -0.00555310115299606 0.000674889868052181 0.00186574566216554 0.0206000267855146 -0.024908438052534 -3.99192417658679e-05 -0.00324817806161076 -0.0231272223431621 0.0129959537634336 0.00907696751297589 -0.00206171103324652 0.0146004993779186 0.0044643787318726 -0.00973600858697477 -0.00135073143346291 
