 F00 F01 F02 F03 F04 F05 F06 F07 F08 F09 F10 F11 F12 F13 F14 F15 F16 F17 F18 F19 F20 F21 F22 F23 F24 F25 F26 F27 F28 F29 
lhe 0.866212422723142 0.648898004188179 0.326157959791004 -0.409023733750218 0.740123475847568 -0.0983074873827756 -0.341936188249954 -0.156530711479861 -0.00257940800696769 2.09839330605707 -0.87048382383306 0.138619938719443 0.121975585997224 0.448044503238595 0.197293673904851 -0.143196921092039 0.591392493561684 0.602139520970873 0.348971661102736 0.0182833117063483 0.343124622872514 -0.831032158121099 0.329390031367735 0.290558066577705 -0.479477862601161 0.207161606796346 2.90217001362433 0.34742479645911 0.612812664475259 0.201707244991523 
rhe 0.361873518056021 1.41174864422569 0.354941601341626 -0.529575338582839 0.473169324142563 -0.143165770799301 -0.272852094951892 -0.152979933830226 0.0557882963097241 2.75036680357143 -1.01990339661326 0.099996412068163 0.583103877745417 0.191367951316153 0.911573398980912 0.160038257104208 1.10275371370816 0.353107862308106 0.479871658345397 -0.296718875435067 -1.10013593735329 -1.2253482062674 0.750825295867962 0.111213990652116 -0.904863014986597 0.43147238490573 -2.20112057707146 0.388808282386606 0.309089174438509 0.495560627718197 
LE 0.496542169577796 0.947595078039721 0.241901808099851 -0.498950940454529 0.490332669126521 -0.173073018785823 -0.301859922794759 -0.175640434208885 -0.0879854972842259 2.65494436513355 -0.906147004088051 0.020108462129472 0.00502888655923842 0.190418994342223 0.33045235100056 -0.0716572020377964 1.12721498434292 0.323678580239469 0.238929017498669 -0.0551509078363191 5.20958520459517 -1.01596253757277 0.260713236567605 0.166995231077404 -0.734078553599124 -0.105712352156769 0.975547927412964 0.137618046076465 0.236247304403726 0.0408476269902516 
MiPf 3.08357667127596 0.865296924552324 0.722927722735481 -0.514867463664919 0.852539395901531 -0.0762012808761867 -0.47130817206521 -0.0942434834968669 0.335321621850141 1.59149351563271 -1.10640371396653 0.419527684726869 0.41242598001592 0.359447539001189 0.558570847107075 -0.483015828425633 0.842740833563389 0.74696542222126 1.25890127585919 -1.19384463242111 -0.0295233809586744 -1.67930088079379 0.30420232517798 0.650064219849662 -0.976235864207783 0.642766420329151 -1.01068721219387 0.829737054200573 0.534132192940444 0.470658286549392 
LLPf 2.5866372632935 0.673394386692028 0.638919883534818 -0.408888942156434 1.12533921555193 -0.058307310797555 -0.449599281487534 -0.0733693153900795 0.241487922887187 1.69602761733752 -1.01800057272827 0.380919690155901 0.44563547107442 0.377484555575026 0.128469674781549 -0.375148130214685 0.738842035100243 1.01182137328316 0.818229329731941 5.23896945283241 -0.504748773025351 -1.26755923900849 0.335435363026439 0.915231453770728 -0.758011158734564 0.611307373521537 0.534819460066626 1.08376159428944 0.632736121279322 0.383608837016541 
RLPf 2.05790998482333 1.21975040174485 0.705388025876954 -0.539226987576947 1.14920002479321 -0.0608103767089134 -0.414676999523 -0.0234431519517151 0.352547935825036 1.32593622174334 -1.14956109866465 0.382826023761885 1.10602373504835 0.296698860656892 2.05538727677588 5.27431277911782 0.896298372885324 0.603780314630746 0.959805026522306 -0.466777862267225 -0.646001781983563 -1.34562907791222 0.706356680987249 0.478948951952974 -0.902762151545873 0.96233130486081 -1.50321257393694 0.665604478444794 0.453729453913331 0.79619278763924 
LMPf 1.45708065445163 0.742719171672026 1.02711730604962 -0.410887729199542 2.20183677173804 0.0381582333303965 -0.542624593462214 0.0104718085916368 0.448846026760364 0.680716808258368 -1.02452506105202 0.618930354611007 0.627639394885695 0.321574226137333 0.894216914004628 -0.440733285799835 0.764191826819628 0.895432542860181 1.34036703836552 -0.300024094969634 -0.122524367527851 -1.31088143689602 0.234241842628035 1.29901292276116 -0.788028684736235 0.599028403939906 -0.614896218918366 0.92810936918605 0.361757353451467 0.313589433560011 
RMPf 1.33170751447738 0.893452963529861 1.05001142164176 -0.471970176024939 1.89614396320425 0.0239233440739626 -0.522417164859446 0.0248317416072876 0.601611593724757 0.579106811337665 -1.07840144717676 0.607553215417313 0.960373911332972 0.254361367215842 2.38208703777583 -0.597033186864352 1.0055252537579 0.82655774146999 1.22850425187038 -0.325917658874064 -0.220127367695165 -1.53923181886209 0.23203460731074 0.729014947344442 -0.938248384330535 0.690354278954688 -1.00295859652467 0.714743311972645 0.358372747332449 0.342797333430074 
LDFr 0.987624206239389 0.523149357487547 0.978428622390205 -0.228567995527692 1.65420576515507 0.0929230080822492 -0.45238958172317 -0.00200843408513041 0.376403017678746 0.743679956618363 -0.911164253720824 0.650026701033864 0.676837419089985 0.604112176377512 0.551724676191673 -0.382865063490895 0.438653547717869 1.15488634842853 1.50419426742347 -0.185832901493366 -0.195837540047644 -1.05318409787948 0.209279871826804 4.32259452430151 -0.0299339180683798 0.548314661053603 0.450974395591515 1.54747728728406 0.400008828924737 0.242671588741998 
RDFr 0.763449394940775 1.22485166637741 0.964930008935574 -0.394419528421887 1.22570113888017 0.10382164510214 -0.225415519158169 0.0737019338312037 1.05858855501574 0.512134567619431 -1.07005035993551 0.64515170542534 2.86174663679219 0.201185895893009 2.03671025909552 -0.550549499259694 1.09719564889868 0.793799156718969 1.00051821303987 -0.360618043098424 -0.377716331617845 -1.44794965310716 0.0787060125599539 0.444565937402434 -0.778257151356438 0.939545297774187 -1.11608561423858 0.557615871460842 0.316730562440123 0.250151928233217 
LMFr 0.757144410326616 0.534868490325236 1.50267273171204 -0.106212086383643 1.70956158845573 0.258241512657832 -0.420227488084951 0.156649764822019 0.830409636002898 0.200698024794873 -0.931168947492177 1.03658137369193 0.721291071838762 0.374374771058921 0.953406530262766 -0.358523353536875 1.13296619670363 1.15025168463731 2.40178272240825 -0.170551133379296 -0.0904936789213893 -1.53660617745031 0.257901970729677 1.37442920823883 -0.033858785522016 0.731221624612815 -0.436190514440859 1.21619292886354 0.323306236539573 0.344700198522239 
RMFr 0.660370802218997 0.738175155653064 1.53590018372031 -0.221803714806633 1.50952061608538 0.281272878785494 -0.296130791963407 0.184969611541334 1.44002567056628 0.074346736589698 -1.06435858849486 1.07898532264285 1.26874032408436 0.244133563020373 1.62342442847408 -0.394523067164747 2.23983628193317 1.05831613648805 1.48452965838222 -0.251512291883441 -0.212659643555923 -2.12355161632146 0.331007427935718 0.639823174526461 -0.670093684726491 1.06878362198507 -0.827048765238188 0.704686817867742 0.362291748943612 0.47014145186827 
LLFr 0.683307879550253 0.44106872052261 0.586740907542233 -0.179907461703749 0.970902641993807 0.0673514921357309 -0.316457146248527 -0.0528977569180898 0.170606786815293 0.992034772357353 -0.74816026491763 0.386670274925873 0.32167384222143 5.23108537263211 0.171019038771417 -0.173802545791237 0.413120325481135 1.0182874203218 0.528368742122121 0.0379330318171781 -0.0654065851552233 -0.664103968536964 0.368506709533759 0.259829297130293 0.122740187974182 0.438902041915862 1.14566324400816 0.830118532261736 1.41220958350024 0.327761624372454 
RLFr 0.538441664795474 1.54188684122504 0.60557937704685 -0.378885302786287 0.623224810798994 0.0493640986521883 0.0253125759273874 0.0118361478280341 0.59619112026116 0.76684540330761 -1.0008785135077 0.369118478558459 2.02565489963413 0.193567006862996 1.34241157569724 -0.102036843443813 1.1265413137614 0.68768151814857 0.804091739142508 -0.276535385846645 -0.411740468068685 -1.0454513784724 5.00908102972843 0.276478354463252 -0.812022181826058 1.41750967176213 -1.20093251120774 0.512114827471191 0.329589142927936 0.718562865990429 
LMCe 0.422353357829858 0.521213287398931 1.49424875699925 0.807513828352972 0.997119364172685 0.731760214303798 -0.0543552792190002 0.444841660647425 1.00101344442987 0.0283024007002465 -0.52529649657335 1.58494586145706 0.669713422745575 0.372560929476943 0.591153193587899 -0.230982957030158 0.797521539913235 1.37268655900428 1.25876257250995 -0.0867279856853956 -0.0586862953493244 -0.66167899385414 0.307111268315697 0.939915260255756 2.51240057307411 0.741796406010592 -0.250511371038173 1.38408796625237 0.302540990267421 0.322090694946956 
RMCe 0.357893429701246 1.1030770673334 1.43298153969999 0.339478732005415 0.853983115388406 0.97299764111046 0.466424040361625 0.504012979500897 2.28700653493896 -0.0363790894848586 -0.893147598441339 1.73980534318744 1.27403236779916 0.205924175516437 1.12995636570433 -0.220619012704754 1.01167878617242 0.872199451496496 1.0661012570111 -0.188465721405809 -0.167934704950342 -0.323315573459221 0.551998472537116 0.435293630986748 0.0420504051209484 1.48337542263658 -0.788449010937321 0.61726762204739 0.346395333847981 0.475274192675674 
LDCe 0.496660877230738 0.391956806568831 0.969039380359526 0.335982642473423 0.983950147988268 0.326951182664215 -0.214695016094609 0.181680968572624 0.500281635000643 0.398553397737853 -0.449061231437883 0.83489538772313 0.549594670232598 0.714879753142318 0.35096088659414 -0.220555617115307 0.421616880315791 1.53349960603132 0.997748144191126 -0.0814144885985533 -0.0882606498055713 -0.618021779410919 0.270293803909535 1.2677733844816 1.83246538476525 0.732084636552609 0.444835414152984 3.48218758356794 0.35553992264309 0.278541221962759 
RDCe 0.391001484993821 1.50156900691537 0.898939771218811 -0.0963078298956297 0.712629184559793 0.471511680705694 0.483047223117835 0.27339272940127 1.65425928517804 0.221738151335152 -0.93269404715217 0.867922296755525 1.97399573144674 0.186879904067553 1.29884040171487 -0.218492196020063 1.18014055823115 0.800834405215116 0.924557067516369 -0.250667970221279 -0.277075827180644 -0.420435641175581 0.77829647677698 0.318641753740788 -0.406233930221543 3.2289054495809 -0.984981994586138 0.523365274227004 0.320356948504897 0.360928779959917 
MiCe 0.445130359650221 0.684852508182428 1.97529234965719 0.240584759295333 1.12690136370096 0.651881323912819 -0.142166436106245 0.369042502689082 1.4296933189925 -0.0714180144269499 -0.882304395357601 1.80071473087688 0.858248365159647 0.262335656385368 0.966654933263156 -0.262973707991988 1.22877631988008 1.05143164324337 1.38782311580307 -0.148500490474768 -0.130981781302059 -1.04335342026921 0.35783368243424 0.691637571665522 0.258690234660957 0.8917996020545 -0.593527659743512 0.859887338564095 0.343682013194271 0.405742693784389 
MiPa 0.272728027319428 0.782171593487818 1.54056290701773 1.31299420286031 0.739890766530703 1.58820719854998 0.456820982681207 0.781201111977704 1.61228393031169 -0.157713831281791 -0.620943932098164 2.58373807084184 0.789242423311475 0.237979522324695 0.76774464237551 -0.185469245123488 1.00964175069647 1.04994343058289 0.907627198298286 -0.127252750163682 -0.0890419718313599 -0.257188050938749 0.420771362676747 0.502900872834418 1.02461160167408 0.874630891137459 -0.56489815914076 0.746182053719767 0.399521247136134 0.417774754060435 
LLTe 0.179934038370607 0.142853763471495 0.426948089170459 0.556065557148853 0.394248090638787 0.289989276910444 0.0087057254879316 0.27599148364123 0.258439612146057 0.140846409382388 0.448120209241213 0.410813338458075 0.252256633808012 0.204128342531058 0.106173340480572 -0.1051810953456 0.00356268595915322 1.34456420391125 0.220068082221155 -0.0743351788489891 -0.104671180719055 -0.124249353328758 0.143022397851474 0.474773745088214 1.11354936897699 0.503443334617313 0.245421285500482 1.1467847255461 4.85942626572123 0.253410163306042 
RLTe 0.153213608330098 1.79213267269873 0.551709680149447 -0.0575249810085806 0.274586538536915 0.391600394274582 1.3616742060156 0.370995122991453 0.788341820019625 0.0290551741219404 -0.661895723975452 0.478371687352191 1.04088517331632 0.13653920369437 0.781934682479202 -0.0892494894409813 0.985763287231719 0.747459304353408 0.778980752313618 -0.149374360617099 -0.277207182135736 -0.200761220937866 0.724179377870995 0.253656180712003 -0.493639002838139 1.5754338767909 -0.812497501939769 0.471579253101821 0.345282079790619 5.04526041980241 
LDPa 0.269728598340086 0.362927357216184 1.01766943638544 1.60412486183839 0.626650738720758 0.899011745200069 0.192018028414128 0.715153602107812 0.771127753060885 -0.0262057875667071 0.344459181022451 1.18626957191766 0.489464589943301 0.301243255050989 0.359975360993396 -0.151579957943742 0.236858066683589 2.19809312869088 0.651307459688692 -0.0947468271486331 -0.0411952686652352 -0.104405884180249 0.213179766867774 0.643792179538268 2.34881053769129 0.55891388834895 -0.169310442611455 0.986986503280975 0.385143272451429 0.206043218509502 
RDPa 0.230361944726285 1.36596074972496 0.997039944214731 0.557466214361181 0.516284727455936 1.55493488353249 1.71203656431482 0.852257133725716 1.82327196008188 -0.0706662615928708 -0.658380051685157 1.25308654740083 1.18607691464317 0.161733702527081 1.01284243147711 -0.161490234965591 2.12725428218635 0.954963719894542 0.988887025370421 -0.170505329036467 -0.140088429339819 0.892223362338568 0.632143089601936 0.322064925301877 0.00475613494230358 1.47197786919268 -0.799179084801018 0.507037165170089 0.369337740207483 0.71618995251618 
LLOc 0.033916917029732 0.313101878988301 0.53919102463615 2.35854879729919 0.144837438773967 0.915382777549116 0.591728604335328 1.72633770203089 0.568457857017382 -0.297746285054621 3.2513101814975 0.420165594755251 0.21979396949215 0.173035524192862 0.144885597949055 -0.0528959713526093 0.385990724538461 0.970207528711267 0.220030793727905 -0.0811074272866589 -0.152921050008001 0.100118674243775 0.0446443385696846 0.330415784483637 1.15196089682902 0.23455140115677 -0.295626139292469 0.543701255257648 0.596382949481589 0.0869855716369356 
RLOc 0.0658790604624197 1.18303630942974 0.772400806552348 0.630152644806088 0.287872264521881 1.6393226437246 3.93032176447369 2.1578911700515 1.09317379003352 -0.113315897524677 -0.313904035899697 0.591240618531351 0.615769466937154 0.122539180952963 0.62980181073126 -0.117564154366309 0.593704943627367 0.635611177927015 0.552840055572913 -0.133042249700712 -0.121503506324616 0.0942556767855224 0.477328648222421 0.209715264700649 0.0668565879206989 0.707864188535931 -0.703294837636454 0.45256335221276 0.315245817325304 0.465020006445388 
LMOc 0.155758249607188 0.544907121157621 1.17216390626926 3.18614087026097 0.466857105990269 1.95134014344757 0.727979795128469 1.35059857112947 1.15198597687374 -0.229388178842645 0.330865474486822 1.37738354994554 0.489843392257966 0.233600465112238 0.470568475891353 -0.117878075511778 0.555351533969881 1.19791577599575 0.559190315786179 -0.118309841740237 -0.079732391738881 0.0272660984009944 0.257466671192708 0.440215120622772 1.59060160623052 0.527045141046177 -0.417730706010957 0.714082238114042 0.478943823147665 0.190973315369872 
RMOc 0.161508317479793 0.998270876551909 1.17468239558298 1.66821875429985 0.466658927451193 3.41482420856037 1.81637229487511 1.45844290626782 1.68134971622881 -0.207959869682265 -0.477744182138587 1.60289596333608 0.759314128657039 0.174297339186977 0.731570313196166 -0.143941636630356 1.16047352542915 0.85815085233308 0.7195735658106 -0.141536043822674 -0.073003173055188 0.354395753259549 0.471892667478094 0.31333194815023 0.635162026969021 0.85235444154879 -0.670846287756096 0.563562002397531 0.397453741739723 0.443114588864063 
MiOc -0.00568402291147684 0.758843295046941 0.620117672883189 1.69709365975536 0.105616559990642 1.59244649433154 1.51674082115469 3.93536046109022 0.745928070951474 -0.330623408014132 0.274277179646463 0.307443499170957 0.277769467612715 0.137038585905844 0.301307465739266 -0.0977085951603855 0.326038815091492 0.601457402043947 0.372802034582807 -0.0942781410975479 -0.130440986940111 -0.0412378452068647 0.156712350265084 0.234370749998307 0.462899703650624 0.315946033498802 -0.459312605873085 0.446450563490832 0.299844682659253 0.0309845348298452 
A2 -0.0313329349500975 1.974072485567 0.237071559937437 -0.319716621631983 0.0430205729443957 -0.0236894488638213 0.6746426696084 -0.0766784479685467 0.148363988036125 0.103977935994047 -0.683343963375645 0.132480940433356 0.089399203314126 0.114415012649325 0.402451549206681 -0.0176762525314285 0.892926570456107 0.474801186364683 0.49566027151063 -0.0610573922520915 -0.265051737030503 -1.25489606590925 0.279463676376835 0.144857072114557 -0.63554693256974 -0.03963789498936 -0.6499182339506 0.331324487268383 0.23370838673576 -0.00732692761091567 
