 lhe rhe LE MiPf LLPf RLPf LMPf RMPf LDFr RDFr LMFr RMFr LLFr RLFr LMCe RMCe LDCe RDCe MiCe MiPa LLTe RLTe LDPa RDPa LLOc RLOc LMOc RMOc MiOc A2 
F00 -0.0134347265574358 -0.181902750210825 -0.0290293136178065 0.312448209567116 0.0590103378389105 0.0298002497095439 -0.00074370621584987 0.0601964182981554 -0.00677464898429848 0.0214683003555832 -0.201446233636474 -0.0649331800198963 -0.00528812196922217 0.0138809868790506 0.184889187295367 -0.0209738109018348 -0.0486332593390043 -0.0472061405486081 0.00794996768668663 -0.0548447928450417 -0.0204981238187569 -0.016689460295203 -0.0704179434625388 0.106803706384818 0.0338094768219435 -0.00322029010026558 0.0209247179685597 -0.0198032998611603 -0.0128888338916779 -0.00747098466634899 
F01 0.0661209378500934 -0.070280943766881 0.00546060385873599 -0.0451055779483138 -0.00695884205735362 0.000907530220480137 0.23094195755421 0.044556042596514 -0.0287519190937718 0.0578437018169177 -0.147888049419229 -0.431564007739147 -0.00655253390838229 -0.0194363047970068 0.27589693497113 0.113518927196506 -0.065378476603874 0.0471167362282288 0.144673817897716 -0.16416972681345 -0.022464377923226 0.0265184148308723 -0.150535136574695 0.0717007441626454 0.102386986071598 -0.186570426034149 0.0030329106311662 0.0411338595529315 0.0578731200237712 0.499842898713 
F02 0.0357203602116843 0.0189730103997169 0.0058802031759511 0.00554249820742929 -0.00168754101550552 -0.000126516826802951 -0.0189054361087717 0.0406779377457069 0.0264995395568716 0.0380947935720298 -0.483941153005786 -0.487186389234737 -0.00151405139163728 -0.00467119690256173 0.0707320105400862 -0.375529956129196 -0.050651449233612 0.0504121066593592 2.02539995494257 -1.0038301296215 -0.0107039024951677 -0.00612095231987532 -0.127562321157516 0.048609855189503 0.0369917926191809 0.0757314326838083 0.257150546429216 0.103523226541345 -0.0792177806766737 -0.0446090931592447 
F03 0.00832987726749489 0.00132793508670373 0.00110617145881875 0.00193281506723844 0.00314394652958315 -0.00192365748326492 0.00208196478725638 -0.0194212308755414 -0.00465947886098765 0.00387020374556037 0.0883119930914304 0.0339525733109835 -0.00310080225111493 0.000566791093470534 -0.158846344080946 -0.0234137700661267 0.0210817772766573 0.0146988562349926 -0.132575607168159 0.0229495604759401 -0.0142463014988196 0.00837400184533749 -0.139505395254413 0.054703974158738 -0.09496471952642 0.0297066480432631 0.673148227672991 -0.289980195533875 -0.0621187908251396 0.00526572700791636 
F04 0.0415070301307612 0.0051901544515093 -0.00538470849503356 -0.281747670122631 -0.0321313234218025 0.00890744122872921 0.992352185656921 -0.170873784356256 -0.162558999902998 -0.0368068261693722 -0.157968765951894 0.109023205359856 0.00056795030695425 -0.00307372946775399 0.257476466256441 0.104174793172369 -0.0425266496677961 -0.0308640305154816 -0.408518130839511 0.0470497024932522 -0.00128140465713933 -0.00534629707424661 -0.107646276887033 -0.0208267559544468 0.0459080715470298 0.0733350148195087 0.0297485711163087 -0.0299957848899559 -0.0509350916105791 -0.0683488099220313 
F05 0.00622640592390991 0.00231863434830284 -0.00319692827475879 -0.00384164466888548 -0.000324167903672095 0.000853021349257627 -0.00902132171690294 0.00934396613930449 0.00176343894529002 0.0112556266797513 0.0272849625878087 -0.0149240886397838 0.000141317767015043 -0.000386918204070694 -0.00324637526536698 -0.122902707321679 -0.00237156193733264 0.0586991726238479 0.0481148875158742 -0.162142299368178 -0.00109556892975139 0.005900230477765 0.0683965237281759 -0.211051477427684 0.0405619070445731 -0.147988634688288 -0.259462394441931 0.68546199482876 -0.0293717817805468 0.00889494125517437 
F06 0.00597613468204852 -0.00614792274926772 -0.00411139425329456 0.0101898312352592 0.00230134970723767 0.000454205552746314 -0.0121303150466513 -0.031918011186072 0.00438329141831214 -0.00476451932052949 0.0175242530548035 0.0894733788997408 0.000497230854514431 -0.0101210973790258 -0.00616537424715504 -0.0870939680073274 0.000266459404461663 -0.00298311429895948 -0.0960438668352323 0.0973307427419474 -0.00392513936016242 -0.0201313081535185 -0.0271665554524415 -0.0184179576147897 -0.0041197042485593 0.403744603429632 0.0918012350757516 -0.147880384351061 -0.188791596215282 -0.0464599696763958 
F07 0.0138290352790896 0.0145410165307773 0.00362279428057615 -0.00671877107965767 0.000170380205743498 0.00228934108460929 0.0187456944817725 -0.00230151691172763 -0.00475238442820961 -0.00118449905650485 -0.00947627316347156 0.0233622402011832 -0.00146597078706005 0.00328848436869681 0.0215270009494526 -0.0317346202332676 -0.0103380874042061 -0.00870158081390686 -0.061198676973691 0.171360351172148 -0.00016116707255796 0.00515831408960653 0.0170963872553646 0.0313616901157212 -0.01912714183376 -0.0743446739432174 -0.197276307886969 -0.10109829291573 0.371445639593372 -0.072716650989811 
F08 0.00825317417167631 0.0232361913844427 0.000778337114977378 0.0289523945903201 0.00599005486690989 -0.00579150037124973 -0.0075918934931209 -0.125418730836099 0.018298524485069 -0.115830194607507 -0.0625039984528559 0.311613442988004 -0.00199728785465563 -0.0185389750226807 0.121550694009878 1.28658546688905 0.012021822289505 -0.30989565879909 -0.583783409816133 -0.443943854547741 -0.00320275811285917 -0.0191274924225321 0.000660396370036936 -0.113869651201775 0.0193512635850218 -0.0232319154465959 0.0648680566670737 -0.0224530354707206 -0.00539408935602785 -0.0254901697742523 
F09 0.123624095489941 0.296796977781411 0.0363235075417678 -0.0143264242744095 0.00227466729003752 -0.0165227713944895 -0.091365460348194 -0.0265284753566601 0.010772976426303 0.00212851469335984 0.0914812092642294 -0.0705598691234403 -0.0128460386076448 -0.0371665902938898 0.00494010845117785 0.126661967774009 -0.0102804829198047 -0.0208342547859696 -0.0654211751161626 -0.000944541731978063 -0.0167292441152638 -0.0226132597679566 0.0100729447003101 -0.0427831569605328 0.0483148782569219 0.079569162405392 5.54042443667884e-05 -0.0139159072411861 -0.0435592452412331 -0.192119976505113 
F10 0.0150622187631375 0.00130394904397742 0.00463233115126145 -0.00577165299284245 -0.000614747406943048 -0.000330050935631843 -0.00511408286537024 0.0253224763510154 -0.00812711390197073 0.00247552368734395 0.0235658527004452 -0.058156726557696 -0.00159937424489766 0.00399639137392082 0.0206747144144172 0.01472224449459 -0.00896000945403293 0.0166007248611322 0.0409488779381719 0.0367838904565648 -0.0226543189605161 -0.00147706124941865 -0.0396928070952717 -0.0705194554813104 0.380506336534008 0.0120017115203683 -0.268272420392912 0.111138814623658 -0.112281767906614 -0.00225744422021329 
F11 0.00736263350675318 0.00434297406431281 -0.00237015473669976 0.00444848326818467 -0.000147446897947203 0.000871099882372082 -0.025038605878085 0.00786670754680041 -0.00398430645948401 0.0182405245788786 0.145442327811483 -0.00320186724164367 -0.00216147379930249 -0.00587617930900195 -0.250853988001992 -0.280992864417473 0.0236705793778926 0.0437784298021761 -0.406506612730521 1.23705850901246 -0.00934189100713201 -0.0102103643461199 0.0144939810582489 -0.0468154787397412 0.0579190550049934 0.0668129927337752 -0.308363140152239 -0.227304490002784 -0.0158285512088703 -0.0116448840427415 
F12 -0.00260558696163368 -0.0549720412082119 0.00584883533403261 -0.0078451767204865 0.00814838337136004 0.0139081687654494 0.116871031724403 -0.391297399670106 -0.0114732340933454 0.541854825307007 0.0264036418376157 -0.073108324749834 0.000702673188379123 0.0350585923243711 0.00382478584224722 -0.201694495317845 -0.000860370418764348 -0.0407172381319919 0.030489371053859 0.0725070592809043 0.000598207232323173 0.00399435758539225 -0.0344510694322602 0.039032704568717 0.0131386901459628 0.018093796311527 0.00270164467918477 -0.00681209738712481 -0.0153316954268053 -0.103114986845299 
F13 -0.0874326865607814 -0.000678707905118234 0.0066997626632206 0.00747697591467048 -0.00297414870770705 0.000479039487073082 -0.0784034869146797 0.0288900578187718 0.0247897923731225 -0.00318315766021602 0.00142679910543022 -0.00289895209773321 0.203890619003525 -0.00543114000930308 0.0144407357694784 0.0161861390650959 -0.0168184346796382 -0.00255114753306741 -0.028222336929125 0.00817285880818553 -0.0458997102461083 -0.00389497470220764 -0.0373245037449745 0.0013066196928887 0.0226954645587177 0.00261857739279677 0.00619193485968131 -0.00579527820855613 -0.00308215188730429 0.00369093694803159 
F14 0.0341262796213591 -0.0192213818010224 0.00327660734808197 -0.0455580610113157 -0.00530957281856675 0.0224416171883883 -0.626247921109084 0.78601499551541 0.0742012083746174 -0.103502144719829 0.0392548332512001 -0.0959689580975121 -0.00234595737152714 -0.00181436044756773 0.00562065759295723 0.0207738843054233 0.012989630914069 -0.01657803170875 -0.0664944514121579 0.027934084170993 -0.00425328671516534 -0.00740878300390038 -0.00794728233546954 0.0258805781841388 0.0107173105088874 0.0209041698610479 0.0111467169744449 -0.0189068073716005 -0.0176920637310783 -0.0409270263674387 
F15 0.00343829428406007 -0.024049095511199 0.00877169947534751 -0.0705247096626718 -0.00814995472394948 0.172333315556892 0.0493968535495734 -0.151605514222607 -0.0043708715813664 -0.0120250652296188 0.0269221015360429 0.0380753688792301 -0.00106187135957313 -0.0119938732153153 -0.0365806289496817 0.0212108627965414 0.00478116651924902 -0.0140478452789571 7.08598230541783e-05 -0.00116047073844487 -0.000281781949765382 -0.0121375817981378 0.0227002511556071 -0.0117643534567196 -0.00144282649281947 0.00681979584513677 -0.00307056527242688 0.00217489843742226 -0.00376800842851145 0.00611401579698053 
F16 0.00488678363976743 0.0156091518864979 0.00194462184125321 0.0129389007513804 0.00231447583990415 -0.00176484305869605 0.0445397816956146 -0.126495646334974 0.0140431557010234 -0.0481142065780565 -0.187479728594401 0.430953655422268 -0.000390760090132339 -0.00622653050861091 0.175492671313339 -0.395796656468877 0.0036558654009748 -0.0438803105321251 -0.0982818941358893 0.0950996280286561 -0.00556403317418308 -0.0312532677660685 -0.143103420453005 0.426984721984833 0.0250269280164686 -0.0940422289115341 0.00856317290829632 -0.0930746107160331 0.0230072782476031 -0.00607231862969036 
F17 -0.00726030707438393 0.0021662402017751 -0.000673030074193789 0.0105394885691048 0.00540427627235599 0.000209318191875231 -0.0495591406695444 -0.0383679696520227 0.0012564782295596 -0.0204258631282775 0.0741516390639588 0.128840610202668 -0.00457563313547131 -0.000400001586187486 -0.699813052440622 -0.0635400808681438 0.0223681195025978 -0.0275710991942363 0.11020970091914 0.014363283980258 -0.0104968571919671 -0.00479332423505774 0.943866478786177 0.0546427897054046 -0.126940659569837 -0.0238948493246762 -0.244833952567668 0.028325710074363 0.0276686087747122 0.0397161909114032 
F18 0.0310888474428116 0.00569961509889906 -0.0105569976301134 0.0562507759032633 0.00257207749778808 0.00124843846860981 -0.371964519718623 0.0169666702005056 -0.105402758881867 0.0489634141281764 1.03010680426385 -0.320433212911512 -0.00409072370327651 -0.000482216998477526 -0.00585788354058273 0.104399194040029 -0.0959329173623615 -0.0219225362532068 -0.410025724511306 0.0735799072828007 0.00198159779791391 -0.00459837531029416 -0.0614162248995906 0.098406114721995 0.0203895313664736 -0.0280149154097333 0.000690952671948377 -0.0389543580078561 0.00428881614153648 0.00696678500096156 
F19 -0.0672014593207165 0.00364058869411009 0.0203243710307152 -0.109709879666802 0.164780887945383 -0.000721237725828993 -0.0751556004211608 0.0497955139580532 -0.0075360762640571 -0.00697644637778097 0.0483990315080395 -0.0218925213855033 0.00390321462678084 -0.0011567632528808 0.0301674011146748 0.0171513116397546 -0.0233638902575027 0.00166771086995312 -0.0134604935351407 -0.00567706201906693 -0.00054942462456577 0.00224310584925005 -0.0231041644067751 -0.0137287237868156 0.00369039522914177 -0.00130336062591519 0.00137067857455923 0.00577554117676559 -0.000572687970089381 0.0108324575200589 
F20 -0.12423736132617 -0.0961050254861757 0.182128775600194 0.00431797855522876 -1.39767763433076e-05 0.00440514408079538 0.00148642327969944 0.00979235159524348 -0.00550944924726683 0.00740436945749422 0.0198263356272487 -0.0303822839985716 0.005012649801763 0.00943610238888336 -0.0177764557857627 0.00857362852823675 0.00759830362873015 0.0202898168529045 0.00325522341734911 0.00223572027420288 0.0090112256024339 0.010927009218212 0.0111578001463965 -0.0266721971017468 -0.00364517953932162 0.00260734518290059 -0.00161970672185508 0.00707811566545558 -0.00155001919257921 -0.00983738706224257 
F21 -0.00685828398836109 0.00724165835839105 -0.00484793444390657 -0.0346772805923981 -0.00639626657564314 -0.000756786759802287 0.0817996916619817 0.126869007092557 -0.0134972712655899 0.0370275169858966 0.0045270767250357 -0.476020523299635 0.0030855137859516 -0.00342406489762639 -0.0850998098000296 -0.0685743597307153 0.0151689092548584 -0.0734483284197267 0.360779874095652 -0.145831726799956 0.00529271692904429 -0.019912270972499 0.0187212589471616 0.512597254505725 -0.0342348797657322 -0.126625387679535 0.0359986236972327 -0.126461695471938 0.0416579614948987 -0.0864448603536757 
F22 0.00428182013064709 -0.0284241340515731 -0.0024907736373177 -0.00822440316756039 -0.00154650975439851 -0.00647427456228876 0.00950827138891819 0.0176509359760598 0.000277950166325325 -0.1187489005225 -0.0105491126859373 0.0202717123193661 -0.000604280441100239 0.216492470959793 0.0230390394088658 0.0808384795245795 -0.00555228935069615 -0.0751810454428814 -0.0299722928446613 -0.0151792107083997 -0.00126016473216997 -0.0217076445125327 -0.00568030254968781 -0.0186434139764538 0.00608745146782612 0.0161412133221009 -0.000347349267070633 -2.28074752875108e-05 -0.00692216485489408 -0.0340745815249294 
F23 -0.0677094715197016 0.00478408274295534 0.0130835440582842 0.00321685988835367 0.00202836185910645 0.0024621623900452 -0.134034227453433 0.0272743136239029 0.327816405347373 -0.0399959726411723 -0.148750503250246 0.0593684543071951 -0.00872816384254742 4.2848345274656e-05 0.0577928518454594 -0.00167141080073063 -0.078457339023077 0.00113870342738507 -0.00221388733750307 -0.00852736948377037 0.00133680231951542 0.00082568710718874 -0.0377714481676516 0.011283988085512 0.0124539337120115 -0.00547882719284816 0.00604240661137603 -0.00131562184985931 0.00179317790506876 0.00741759581375033 
F24 0.00539618705254789 0.00417005376664314 -0.00329064599200077 -0.00105134783775424 -0.00392808161674466 0.00114895194569026 -0.00671908450903625 0.0316926116848403 -0.0141747196847537 -0.00956073751063414 -0.122563780520423 0.0382545348906988 -0.000791676515258218 -0.00216313804120643 0.727605843705205 0.0739732157865351 -0.1211342905935 -0.0120298441132348 -0.272426155681807 -0.15837550520471 0.00905241945290802 -0.000535292519842219 -0.127482075200697 -0.020226721463335 0.0126222999390194 -0.00019159959606301 -0.0584046646454007 0.0401028179676036 0.0016916957029244 0.00414619174511136 
F25 0.00599142735839949 0.00377466097218699 -0.0013661744359262 0.000709751411763817 0.000545817825460173 -0.00464542981431577 -0.0248815971664631 0.0637999020375963 0.00541667021319456 -0.219228807365857 -0.00339608627188444 0.0467963706815102 -0.00116823948420531 -0.0425815660599555 -0.0163709250408356 -0.309499285101796 -0.0019282634815739 0.523516667611088 0.0499296382943174 0.0959415408926416 -0.00099263753754226 0.00600646269552873 -0.00995579592761785 -0.13471839665979 0.00602682437202678 0.0202366564805698 -0.0109886609803787 0.0309229067494932 -0.00883862244575171 -0.0781439965087031 
F26 0.274018969199047 -0.133828308840324 -0.0432629751859108 -0.026111841201937 -0.0147559649816061 0.00688281735687063 -0.0981496253447261 0.0425309871648133 0.00617273479939846 0.0157813782000798 0.0265047616450912 -0.00930933722551017 -0.0145553306779441 0.00590200705597352 0.0115126752934604 -0.0129299845910761 0.0125249162074401 0.0081435649976774 0.00426690095550288 0.00759925659944741 -0.0176210600995083 0.00738218677209906 -0.0551472403868832 0.00463891068700114 0.0212958449019902 -0.0103295585122468 0.0104068160778618 -0.00159913441128121 0.00260328098577454 0.0320828191054528 
F27 -0.054889697134744 0.00504875733235953 0.0077403083298753 0.00725980279916614 0.00235687906160174 0.000795598329190837 -0.015259371894928 0.0167294930950256 -0.0599782384605366 0.00561534282162283 -0.0107164407978132 -0.0127678147352763 -0.0282146884851131 -0.000725578235254146 -0.236265849452534 0.0243340212810722 0.439081634459499 -0.0425411290007388 0.0270951422517082 0.0604412091835907 0.00270919262414576 -0.00512099670689671 -0.169314464992388 0.0189983491910019 0.0128857838316788 0.00263444576491035 0.0580526172250733 -0.0240027597550455 -0.00027564496397636 0.00701342769121404 
F28 -0.0126352964062606 -0.00050454936619207 0.00362552232526355 0.00288106624166089 0.00137247934211425 0.00106763047015683 -0.0119600661099416 0.00310797508369205 -0.0014491539657478 0.00948527635866342 0.0205094466253167 -0.0118659444637267 0.00338443059849189 -3.54685343100261e-05 0.0597484599494011 0.0109788609175911 -0.0609624862990868 -0.0195317994841037 -0.0175668438297168 0.0014950486068086 0.216933876876404 -0.00695527934424326 -0.136245999304614 0.0197164416504366 -0.0218274922145722 -0.0027782905085771 0.0388903323165977 -0.0140107185357415 0.00575377859547874 0.00796629649132573 
F29 0.00249233530797427 0.0088332825036202 0.00208802793515599 -0.000617211090031144 -4.90769541876845e-05 -0.000873938083214991 0.00413259580087895 -0.00800799062402507 0.00123478047465612 -0.00752623866313589 -0.0263017430251748 0.0620547852517567 0.000387266274381385 -0.00841071080010774 0.034698436687089 0.0520921689639111 -0.00311598048025875 -0.0977271299831663 -0.0435695326915168 -0.00674851202706345 -0.00248257044262979 0.209743786361017 -0.0144972087543302 -0.0606767275476491 0.00134927637662739 -0.0348827840835435 -0.00558041042733299 0.024203018287421 0.00644511179196398 -0.0940887480765921 
