 F00 F01 F02 F03 F04 F05 F06 F07 F08 F09 F10 F11 F12 F13 F14 F15 F16 F17 F18 F19 F20 F21 F22 F23 F24 F25 F26 F27 F28 F29 
lhe 0.503731227627051 0.960042750390111 -2.14379828546598 0.922806014243542 0.75726401923914 0.273947502762198 1.58238881991411 1.94129921043975 -0.104321916272069 -0.0490495927093942 0.36988894496277 0.955482324705788 -0.61809217637955 -0.206271894473448 1.01736715362036 1.62228112643611 -0.0212765591571626 -0.577269153246049 -0.619193945121382 0.151234969932739 -0.389786510434972 0.178538566849197 0.0569352983247174 0.159334646394353 0.133364511049653 0.207084904823395 0.314044641067796 -0.186537614332952 -0.261563488753329 -0.303495589872942 
rhe 0.462196349393974 1.00647708078068 3.37434113589464 0.700698064169529 0.897948781178988 0.8388648180133 0.635792565390593 1.84305216491997 -0.251542852628964 0.525363848782513 0.887322443307497 1.23498662915959 -0.489093879291941 0.0371924408429215 0.306783656221972 0.276952517364833 0.508085832709705 0.616106565167164 -0.499768107458011 -1.0382562635393 -0.597268171193825 0.34430860909698 0.114410899985989 0.212133850932557 0.525292940333209 0.357801256839702 0.0776051499101858 0.131713759450205 -0.398412562984172 0.0157728898740995 
LE -0.952567172775776 0.969348196371947 0.00339821094662852 0.746048374564784 0.783554720552697 0.311083174951212 3.45444285316468 1.7598901214773 -0.05682640200595 0.10535907506816 0.672806193709589 1.17211871903711 -0.517065952129726 -0.0204996197510308 0.739883824627314 1.02328643437474 0.162791572615688 -0.29538641465409 -0.60576506542673 -0.405265955516675 -0.506618084671505 0.151047464504572 -0.459640760092131 0.32973377641574 0.42271019450953 0.689249503161106 1.19038141525059 -0.109444214421684 -0.242268950515339 -0.277476466872621 
MiPf 3.02676651328861 1.00929373310913 0.789898775651486 0.782381123982318 1.0782703327168 0.439247734110326 2.09597946662438 0.456094669909308 -0.142278600582675 -0.579277692619321 -0.091084285224473 1.58255760941126 -0.837053354810403 -0.577592903433049 0.682822963183933 0.639519687543561 0.327228276884254 -0.2412626283901 -0.669111625652944 -0.519524271881311 -0.762286034924949 1.35731085827566 0.63938528364542 -0.426592294642157 -0.751551003243502 -0.727468316859899 -0.703079511442488 -0.348771118330465 -0.854384855079728 0.257368191376967 
LLPf 2.4647553786502 0.984684768042285 -1.31532710071758 0.886766814056872 0.990826358107572 0.316309199286857 1.47039603533573 1.16493714890377 -0.146626149123438 -0.544756170591475 -0.0591694307209085 1.06529664860185 -0.893047735444671 -0.573097116122091 1.36649282314427 1.28237525391245 0.114817174614118 -0.918749429348632 -0.692967947460787 0.246919757880692 -0.476866834516127 0.849986082447412 0.383789312904139 -0.295055025023684 -0.223127829125343 -0.506876016628727 4.78792170317991 -0.272957705732541 -0.329163926829092 0.0625582550020552 
RLPf 2.20955261478853 1.03282286018357 1.94890416738248 0.740875974421171 1.16158734097058 0.70317976047101 0.565504452252616 0.155060240403616 -0.210246157574951 -0.154098621641338 -0.195626877472648 1.81334472169165 -0.747925571284275 -0.553461669787016 0.161890551459311 0.151534204571043 0.678208956980438 0.944057945320058 -0.639541305216108 -0.898573890863093 -0.923390235936982 1.00433816829988 0.575372703641408 -0.583841935472393 0.907713925590521 5.26044030495559 -0.299009598553537 0.00907417928047416 -0.55454373075628 0.534080719878653 
LMPf 1.45318726926352 1.01686157257547 0.258393020742706 0.839617724878567 1.21006102589458 0.427191223990777 0.182844458139213 -0.429750199630358 -0.154680799194907 -1.15979381235758 -0.883828717085606 1.33717762751982 -1.18387482519141 -0.900285283691513 0.696056575611999 0.513767781659475 0.151361075138621 -0.841425096215823 -0.831171526023939 -0.168327000683322 -1.04392175688299 3.22472410727005 1.22216070846982 -0.955516718785244 -1.3969493457282 -0.105628312142301 0.578866930634005 -0.45971905495033 -1.18363567787484 0.69923879926208 
RMPf 1.37839263842649 1.02906959108437 0.743653610511144 0.790432345067561 1.2696677512889 0.5535575647577 -0.0406486479350296 -0.648946113487352 -0.175716461269206 -1.0156990255527 -0.901737342656234 2.07197974446345 -1.0534356748953 -0.867124558986291 -0.0454225053339678 0.236888969285853 0.566954537221408 0.131934613153965 -0.788044234339056 -0.550252950563759 -1.26869057116875 2.06737056693611 0.652635152298841 -1.00342447277985 -1.16720786611675 0.119245964414997 0.244507374742193 -0.316662436633037 -1.02464821458701 0.681649221767649 
LDFr 0.833973580478618 1.0032563389685 -0.183605507871012 0.996084433291465 1.08833028130126 0.376854799976007 -0.22807959864285 -0.495814440050388 -0.138085215983902 -1.19448721223201 -1.03717678564649 0.539529497465828 -1.1480795504812 -0.890239422772908 1.30261400392373 0.870935454986952 -0.0518857075140245 -1.30324790018806 -0.549625384694517 1.02592212787942 -0.603023372165479 0.908378335557324 1.30312838957166 -0.927331330072 -0.784736016226517 -0.24381133165386 0.592767674608807 -0.301224105091837 -0.840955158173792 0.721618238960275 
RDFr 0.918141267290244 1.04426507764402 0.957810785275261 0.766794290801768 1.31285669203044 0.821388249998333 -0.459773369764329 -0.829482006475282 -0.211058710273403 -0.517602288746485 -1.16496162972273 1.72421246522864 -0.902619692092957 -0.746366009514123 -0.485239715053404 0.0149338202638059 0.86161320131968 1.26913470939964 -0.61609159917625 -0.789733547547958 -1.29206241567777 1.52293049409488 1.07422362584933 -1.01898262290914 1.08015666137307 -0.266951712836134 0.21754292487034 -0.100611297027346 -0.657868886185262 0.836029178613577 
LMFr 0.70433383751685 1.02438665629711 0.229240492288512 0.893399965499276 1.28281001929449 0.435319046773003 -0.561297512828811 -0.943938512718892 -0.149087088855075 -1.44780915240864 -1.27425672244069 0.470867936043217 -1.15252297079087 -1.07012252198685 -0.433458875406593 0.369754699155666 0.197204792334525 -0.461662828795056 -0.470247288062462 0.319970662120753 -1.16367822897798 1.40772147026923 1.60197378321714 -1.29739894399041 -1.47065434649545 -0.181513291326405 0.503452207751717 0.0334526765126233 0.266474991874266 4.64439080847985 
RMFr 0.705334247531035 1.03952293077163 0.528893167120139 0.800141387875803 1.40935847095113 0.593287969297082 -0.644189667322268 -1.0841061370003 -0.168396017094015 -1.31650438905234 -1.26070781276069 0.95526350116655 -1.11288948604232 -1.0200852879562 -1.06807551848763 0.0990403463046026 0.623101249362769 0.775549746083151 -0.657088896389301 -0.553634978652609 -1.64675415439125 1.21318423226841 2.78327900779217 -1.22143599237603 -1.23845188481031 -0.21302321072055 0.511368982559365 -0.0324061913701945 -0.573522487495253 1.18015513562431 
LLFr 0.460724386236579 0.927836069560024 -0.604406708194565 1.34203781982154 0.64222114505053 0.413641423155223 0.0805540483122537 0.227975659944957 -0.0976749714615287 -0.290288794038103 -0.0604920358851939 0.376909526913535 -0.687311420102288 -0.520807136422787 0.931705535007112 4.51292495150415 -0.05812052760467 -0.749122304970854 -0.312371881894899 1.99266379049178 -0.188915850166368 0.13227258142341 0.494165091673743 -0.232868866629973 -0.123170225647861 -0.0573209982774802 0.415709025189275 -0.395383503021231 -0.989513635464893 -0.0894488136091838 
RLFr 0.616205043293381 1.04606847882999 1.48626736760599 0.753900080765274 1.07212208353642 1.54757599603714 -0.426239051737077 -0.349282023379614 -0.389439019633199 1.06367967389351 0.696156152533644 0.928936047309782 -0.544218506878124 -0.116145533688238 -0.0839695321490287 -0.13049322870111 0.936637676383822 1.26633368089763 -0.254203400138793 -1.15564761632885 -0.87552675851062 0.611555905407684 0.552505124722766 -0.298540750006912 0.823382608907269 0.195584735109143 0.226351178432154 0.0637346678677827 -0.32927178704951 0.50620684574367 
LMCe 0.387663271060842 1.00998814411947 0.18357856801759 1.02528213505556 1.02599914354306 0.413482569213333 -0.728399095300585 -1.03151203994661 -0.123618829239049 -1.3765633513216 -1.31964291931796 -0.535380453435409 -0.500514218088185 -0.989032402277114 -1.09314259125364 0.310621597910312 0.326744275901798 0.246701143013653 1.07814102249226 1.22524448777424 0.0046909597552452 0.646748782712844 1.20667346805827 -1.29989550074577 -1.38369855370095 -0.200378729335247 0.450551018812601 5.31291212523413 0.890720974487931 0.821297052824507 
RMCe 0.42145677875046 1.04115590436512 0.525743769347696 0.791670043172182 1.32559086992396 0.808035658662834 -0.770108866653539 -1.13353993297785 -0.136288617103992 -1.11266538784933 -1.3502833051112 -0.34229951900005 -0.527727786176224 -0.65200085434619 -1.26234890089111 0.00207288532087831 1.34453052929027 1.99531118380899 0.666332331710158 -0.637728440713566 -1.16164658199286 0.776205074871689 1.05360682849453 -0.995917190377847 -1.31640521141681 -0.25656675108579 0.44524544143459 0.174273965931203 -0.560650776084882 0.799374285088125 
LDCe 0.418215215664135 0.958395128349832 -0.0785791376403003 1.32256236483126 0.721381217851829 0.420443440910732 -0.484977944010458 -0.65573841433393 -0.113342451741637 -0.886849440492529 -0.951909524811836 -0.193826627754392 -0.633632240224212 -0.83351955036753 -0.156315931129078 1.19545461130693 0.0715972447673879 -0.347506639715048 0.348477908034079 3.07012549226231 0.176744775620909 0.526596765476923 0.889898402050127 -0.953798395113636 -0.875700698733334 -0.159064435249336 0.41602207468357 -0.120474127295839 -0.582107564218023 0.307235173810151 
RDCe 0.478409079932616 1.04376352940588 0.812017417410539 0.771326147935554 1.20547199384333 1.36221139600065 -0.648913738000655 -0.909729236128009 -0.18661976494032 0.182669953187897 -1.29367048044601 0.252551296042157 -0.521390812247949 -0.239154041595103 -0.787300487280413 -0.0697166094063033 1.60576030698438 1.80280138254875 0.220807461435835 -0.859395452077722 -0.99084079873614 0.822087747848124 1.05152088045408 -0.698628120195505 -0.774131465284236 -0.189717583255748 0.40574468199646 0.0907649093069485 -0.55469467747967 0.645786189039114 
MiCe 0.463503486728336 1.03257758913241 0.361407453749378 0.844776131476647 1.39994529597165 0.507901246010994 -0.805074464032507 -1.19198003616691 -0.142200705499533 -1.55057528775542 -1.42087543472379 -0.394767313098252 -0.961412052709764 -1.0893736960778 -1.73860675197753 0.120687049466897 0.50642062602417 0.411152980890243 0.322208956010177 -0.364363837295123 -1.47784058292998 0.744463432955564 1.07754282900268 -1.24577507413584 -1.36104877079824 -0.204403684169039 0.456819315638623 -0.00128985481156169 -0.804311154194776 0.521285886021876 
MiPa 0.297068118198921 1.02707428341988 0.346134276154782 0.847704881080377 1.20565147637565 0.516006919421608 -0.827898054310442 -1.17955845148044 -0.112920258597734 -1.50905057346789 -1.42648478893202 -0.859778823399315 0.0919134329009668 -0.750215356707897 -1.70113541258489 0.0710000275906847 0.985087060067999 0.933365876874758 2.50065844775757 -0.365505953167874 -0.634661220837795 0.604396195034448 1.05831543545119 -1.01869818041695 -1.40706820247652 -0.227156805514 0.488091629046439 0.150899357993697 -0.653680960576254 0.514558409513763 
LLTe 0.171178575389271 0.73047774256457 0.000549178904785599 2.71979384148805 -0.24225396772378 0.517728526127561 -0.442583730956111 -0.539212900745837 -0.0771851022176859 -0.66304959432381 -0.617673112656963 -0.410510822652956 0.066609762639669 -0.437888494950821 -0.365412575591377 0.901207222193805 0.151788185757682 0.0364497416565231 0.559827771895973 1.16717414091884 0.833867795727643 0.152052532902247 0.59177020294617 -0.509444218271021 -0.442543381456892 -0.0993541932784409 0.220111996569528 0.112190274968252 0.3597041600668 -0.150501524182449 
RLTe 0.236937538552212 0.998161395572085 0.814423470104756 0.798965266398917 0.822744195454509 3.86557147648056 -0.471477976843567 -0.476604551651651 0.130802676414249 0.237737371668353 -0.436606893976876 -0.0816374010780438 0.113597016056216 1.28611294129537 -0.626237338889847 0.0375979260327171 1.7733343605385 1.4453788426536 0.532049938072012 -0.939364435576198 -0.23227222053487 0.384016168677542 0.637147100173948 0.174988125481792 -0.352030768588827 -0.180701508901872 0.379132645024551 0.165357542438543 -0.29231179164666 0.141448281048883 
LDPa 0.249694684414776 0.965435987561678 0.15273938296012 1.29490978239271 0.396140821918632 0.382550374086786 -0.70456002227207 -0.966058436519553 -0.107725789906811 -1.22069086992473 -1.16542009168241 -0.697018119654961 0.177592582664518 -0.734893815347631 -1.04422150141888 0.418759181378313 0.551398544104445 0.220463435466902 1.41732523881734 1.42779942368332 1.44420998721612 0.473194766643038 0.987240378499481 -1.42693322367075 -1.16224607846439 -0.197265957103965 0.467599016708952 0.191715139159612 4.37237518760325 -0.402886799450616 
RDPa 0.281545779523446 1.03306897747731 0.570396428690516 0.766505870469277 1.05959961047604 1.34401227870478 -0.718999070100835 -0.99322506736954 -0.0645978840184891 -0.650575556987011 -1.16160185743115 -0.571220579208226 0.341059982418036 0.511550290329049 -1.13992818288133 -0.0240280224321459 2.87933337389467 1.61492560504433 1.15303907400111 -0.771698505940734 -0.303821739300334 0.63750022346482 0.995184986601835 -0.517457998832081 -1.04519344092723 -0.229577161347255 0.45303767996877 0.217061732176208 -0.490955877748181 0.592148356121848 
LLOc 0.103256208025958 0.997894497462571 0.217164072545874 0.985094850798245 -0.928979188950904 0.192551722509532 -0.675835327587666 -1.00286564705213 -0.0904675039852908 -1.35055258400423 -1.13027331971636 -0.999803585167878 1.14105133731982 -0.0832388787594342 -1.25146090106076 -0.00745093677284929 0.394201157112569 0.591948348937698 1.2416286291622 -0.220365382548165 1.99361133125305 0.286205274506161 0.810588258788599 -0.848409477276658 -0.902850453176692 -0.130219930272329 0.566767779267011 0.224342999261104 0.588527632634638 0.137894913378868 
RLOc 0.129288561854205 1.02490887863489 0.47087645171181 0.702318627793159 0.703356604166166 1.01544505801803 -0.673816118598147 -0.968169338525083 0.0501755951126895 -1.00583842676735 -0.9991869595103 -0.967520867295012 1.68143977861948 3.56458216609987 -1.23672497792545 -0.00193314873641056 1.98744712328025 1.53562058611223 1.2309318892163 -0.814521196369557 0.542429093762116 0.415932644489165 0.753323295938224 0.0326101102023104 -1.06404722467841 -0.193095293517808 0.574670153399573 0.301160570310875 -0.307023172680208 0.477644289769461 
LMOc 0.189881250394765 1.00910441710024 0.273176859233034 0.928768064017195 0.59931994548862 0.353168726190746 -0.753224640198386 -1.09518513920847 -0.0891865377035552 -1.45214305536511 -1.27824588430082 -1.00607740578985 1.37343137834839 -0.39872637911741 -1.42262841136955 0.110183735317557 0.888982978544902 0.850263815217098 1.99916037590494 -0.102032885061362 1.90597174009112 0.442652893400762 1.04402051603113 -0.722671173302803 -1.35429208085731 -0.24208842656752 0.536414079789225 0.25991946023315 -0.114984565027371 0.414258711838337 
RMOc 0.194483953738004 1.02762612515804 0.396030415193681 0.767326050866659 0.973765315960527 0.644331883493492 -0.757059667406795 -1.09373261167796 -0.059623003298505 -1.29499890878706 -1.3015806353809 -1.06194068084623 1.91190530705578 0.496153787049438 -1.38725927169913 0.00200634363213893 1.78792795229542 1.26284450317205 1.94180572423705 -0.593995253875569 0.162276229604123 0.534639101225147 0.884663578288748 -0.483368945561543 -1.3703074241087 -0.246242472559044 0.526763706924634 0.292922514402046 -0.433842645193648 0.525880558185438 
MiOc 0.0877780413803839 1.02777376219365 0.325555091398721 0.612812725796335 0.297582811723314 0.048225409514761 -0.686030707146932 -1.04455774027766 -0.0288940535479905 -1.40646828447078 -1.22135043509963 -1.14009642314763 2.66501342679291 1.47306914764641 -1.4006833309012 -0.0642359599716409 0.83612736767034 1.11291626096702 1.39606369478474 -0.702595114246037 1.46678780946785 0.368011246144173 0.77555452048655 3.31555692787636 -1.15529172894214 -0.193344178581046 0.599253856784864 0.525999565791065 0.568832991375017 0.658353035380736 
A2 0.0149598441832497 0.92538767510177 0.737445632016125 0.625229247109951 0.607156838407387 1.33022664626516 -0.00444762659004872 0.2862639237617 5.41572457776814 0.54267662458556 0.520651565123983 0.114474919324508 0.0276721781480705 1.32821668565589 -0.264983389133311 0.0561749649998836 0.677258590108668 0.962980498306272 0.113027052818392 -1.04304597655081 -0.130820192021586 0.156533408404618 0.293910629703979 0.584382833303599 -0.00776156909577455 -0.118532513270406 0.245160221037615 0.408431908268498 -0.349698010344239 0.169654376802616 
