 F00 F01 F02 F03 F04 F05 F06 F07 F08 F09 F10 F11 F12 F13 F14 F15 F16 F17 F18 F19 F20 F21 F22 F23 F24 F25 F26 F27 F28 F29 
lhe -0.20447194826684 1.24017094287196 0.146866380771536 0.0545846822842925 -0.704662246131272 -0.643778101694647 -0.127250501943092 -2.57145744895674 -0.410043158612811 -0.379613357698905 -0.05995591044382 -0.200108329363932 -0.423469800358559 -0.227929113808246 0.268839157590908 0.447480203629907 -0.0641225985387455 -0.215714543380174 0.100754237353343 -0.453121741579408 0.0383275204740292 0.182209967922632 -0.364740698405071 0.320720473958219 -0.16391083584946 -0.665128608894668 -0.010520794074356 -0.0891083617764215 0.302722962705833 -0.0669424107135552 
rhe -0.612669145701142 1.62219998409126 0.118910447802981 0.139483890826549 -0.808952675627539 0.378459681258225 -0.237206359736991 3.51067929363631 -0.228135464654206 -0.829499888910212 0.00102284219694185 0.245450298515951 0.24062257774876 0.447890787323554 0.237656900133379 -0.0235716758147685 -0.123987621757385 -0.305517525520325 0.52619879861668 -0.973789759507498 -0.0448707095640939 0.127411597931011 -0.424009903856748 0.701738687527288 -0.0341356145598364 -0.354044200434201 -0.695406101962109 0.4545612472158 0.229621771342748 1.21396014149037 
LE 1.86834942447187 1.55254515105197 0.0507858973684948 0.0129678134681402 -0.734142410993523 -0.554583910556843 -0.220160433646526 -0.368184717358192 -0.264841317579111 -0.587683174020843 -0.12665020857766 0.104995256926129 0.00348642601568813 -0.0875874200985838 0.181298193827043 0.155080363716427 -0.220805845780098 -0.304385803619695 0.157732785829098 -0.794045506638095 -0.0427510248432452 0.136081812734007 -0.484705905509846 0.350691674842621 0.347853121662201 2.2842363954758 -0.0579654208071922 -0.00456148927079531 0.105776865621926 -0.128929487624331 
MiPf -2.71522084196901 1.34233770899575 0.523176405270465 0.393835909077318 -1.15669484724729 0.12973631709772 -0.0900481198684275 0.312423632841245 -0.794110903372236 -1.08315043447733 0.0711740235732685 0.305221040719553 0.48216361249005 -0.511840248605121 1.56045858186108 1.22794337883862 0.311694799363239 0.0639263579358046 0.765674747947921 -1.06621868161326 0.388870631089658 0.263158995347556 -0.485561829539033 1.13977311296755 0.588167888092366 3.11639481790629 0.0702794021982098 -0.0362985359667501 0.507974548616103 1.0183099089986 
LLPf -2.1713900681424 1.25790353564756 0.524121640901015 0.319735761703655 -1.02407255308201 -0.305652001138695 -0.0710974937162297 -1.25506159535552 -0.726105123189709 -0.62837444313863 0.0881811093905584 0.206926950215197 0.395549640792518 -0.540646121147703 0.794646311278636 1.28952304568449 0.218900077384285 0.721894854817083 0.421403896527637 -0.634719773470093 0.179847837119671 0.32897306412206 -0.39829279032146 0.590535429353778 4.52593875931926 1.07511645395425 0.0937981393134889 -0.376254318357813 0.479839066235053 -0.526706274051972 
RLPf -2.21721903186643 1.38491653713126 0.547419687625657 0.412959156263337 -1.14172052623288 0.489649171358578 -0.117847748136187 1.44029780284886 -0.668654572009182 -1.09894379239308 0.192780335975897 0.302153947963904 0.410516455457715 -0.0185861525789581 1.0824473761504 0.764605374648736 0.442495480893331 -0.112424951346164 2.10765076804324 -1.1787494271935 0.861917549276161 0.226248611321151 -0.455896224948819 1.48157916435012 0.557319305671126 1.88717406961289 -0.0134640408534471 5.42710360152885 0.553686946652368 2.03782209391116 
LMPf -1.38334957427653 1.08190964429978 0.915085785358978 0.606694996971079 -1.27475718026345 0.599320381345449 0.0915244044228924 0.09685697057406 -0.968419088313606 -1.26856870562273 0.251203192369713 0.575905079589601 1.11765973775059 -0.860416830162437 2.03688373439315 2.12202998240497 0.601343545080367 0.589478464295808 0.796693439293321 -0.942333285800475 0.513797837507486 0.426768244534804 -0.443015170227694 1.36542013955757 1.20131368225306 1.31480863589777 0.310216108563384 0.0109908673501495 0.416015458360713 0.16229097210254 
RMPf -1.39806878468677 1.13039401292185 0.911073874517144 0.605371643917105 -1.31434663026761 0.777628529192045 0.0675040081121337 0.506321090053919 -0.93679853222566 -1.37052516443458 0.323823656843389 0.446154790320403 0.670733101643085 -0.696925316953411 1.85865954090905 1.69530621819702 0.75477113995171 0.202824627677765 1.34313525836425 -1.15160671308619 0.791923507125623 0.373225249913147 -0.466420485299929 2.06276533951162 0.705535797796966 1.46538709937196 0.48045812666556 0.0506824226766731 0.490929664235583 3.40034220507443 
LDFr -0.833376034206976 0.962673753127742 0.993822143649638 0.627139637612786 -1.09238248553688 0.483369795704358 0.201489542199876 -0.270264934484091 -0.930685449531862 -0.721146164218691 0.327709739535569 1.39469106482928 3.90701108059935 -0.754172052434525 1.16214745022811 2.07750077973427 0.674116055057498 2.05358124799479 0.709573557653507 0.0714310227416155 0.380213144763484 0.674080290918399 -0.201041754236256 0.588917839572953 1.81379944226786 0.572888120484975 0.298432648842934 -0.123118419478261 0.337919996330786 -0.393258278783268 
RDFr -0.923860281098265 1.10913696205539 0.993294237892098 0.669541558252602 -1.2877648615084 1.11492560998664 0.114618711343295 0.826800234795537 -0.728636692729038 -1.25129070017422 0.545863352289642 0.393430107519552 0.484268048204175 0.0200921001928368 1.21745019387467 1.08397278835884 1.15917886421209 -0.000216221816981094 2.73371654238938 -1.15089202147508 1.77132663658148 0.371694061551399 -0.338351936396902 2.20201634711872 0.520343148446315 0.875048426805892 1.67069935218335 -0.3018276371985 0.716285664026217 1.41279199068404 
LMFr -0.740990634422989 0.920414416033482 1.40169405137218 0.81116951050624 -1.31106305390078 0.87510908306315 0.363810092486389 0.153598047279472 -1.06220133461637 -1.34362355663208 0.485899719977418 0.98153131561482 1.49613467859733 -1.01935646105224 1.21516809083993 2.21255410905693 0.920462570719241 0.76785788753183 0.66964361225783 -0.401785638190333 0.549276555885058 0.608495890633151 -0.084719058418354 1.21205136654744 0.858767963999296 0.790253129056879 0.400038887788093 0.00700805439778666 0.405529642227221 0.408710993861719 
RMFr -0.739107307962034 0.963812858074029 1.42619770145388 0.815718752496814 -1.41061115225303 1.10919398853674 0.328325419242997 0.46248374807667 -0.96734191225256 -1.5336061356857 0.653336679967821 0.535418481820077 0.692779675395399 -0.814428116509937 1.31262762298589 1.41753988104326 1.25037363756353 0.201120134380103 1.09777250811962 -1.06809518129829 0.958915627350122 0.468473181613806 -0.129264875235237 2.2908459863548 0.542460145257344 0.858689823742735 0.83268893959143 -0.00235149817508065 0.579551916595005 0.931169460497042 
LLFr -0.471121784853284 0.888376258220396 0.590818133659955 0.363480718927944 -0.69555142901051 -0.0151480081446205 0.0762742339870066 -0.671379180355072 -0.663603226463882 0.266064810614245 0.233206103210311 -1.28257664957679 -1.10203582300869 -0.364654040023606 0.503321926998523 1.01415401430088 0.290579203973164 3.70870765823016 0.374181912358114 0.448134961747286 0.236934489466403 0.16077355559342 -0.0535241644326875 0.333713180780901 0.435967709692167 -0.046144086783913 0.0420258783681611 -0.0704753241999758 0.243068107769152 -0.212486309464051 
RLFr -0.686668060490234 1.27823026746318 0.553039328917145 0.44750948019835 -0.973993218341183 1.30992050046928 -0.0421969815319244 1.35305429692437 -0.206492212703569 -0.916398848423465 0.376196896657646 0.288518698774055 0.325910221283365 1.23324507040196 0.553905546513671 0.246445798131193 0.567818292483962 -0.0660628067850706 1.92530665057777 -0.951761303320574 3.44320148533431 0.293105976902071 -0.222780596525689 1.27076704739381 0.353006096665442 0.301029031473507 -3.81172277427239 0.162099211457712 1.08591459273026 1.05026378271268 
LMCe -0.414712314272189 0.766429581278551 1.50730538008769 1.05436719341331 -1.09923598912158 0.90550004578643 0.972081097110093 0.189151811583966 -0.932312161330678 -0.0792436876227809 0.77821710649277 1.36738677803836 1.14005799385849 -0.514816653265978 1.03003307541076 0.959179197659398 1.21433659712835 0.852989152113206 0.533178060796415 1.75728610808513 0.442238646963918 0.935712151632973 1.24955921728337 0.46940597771788 0.486993381870571 0.579913679581134 0.320487252167272 -0.00976975743410156 0.437823903025366 0.403011771020535 
RMCe -0.469371450257942 0.878567947989502 1.48001184900865 0.981066918974599 -1.34747704598933 1.27217499616728 0.691181400868145 0.515137088353023 -0.576411854516485 -1.22047616220711 1.08449881202325 0.496254215481234 0.527985802853861 0.567289580117113 1.07111500476456 0.479450917299185 2.01217158665561 0.12374920848628 1.00828495570893 -0.708504820898897 1.07203215122792 0.510350617355236 0.836418228304193 1.07486725259124 0.374749077013026 0.636509176176654 1.05832343760182 -0.0118218271511525 0.922885433891309 0.620665467208186 
LDCe -0.44581360703967 0.770836655806938 1.07209372594877 0.775269403533011 -0.769567996404516 0.510874046155405 0.508619526736584 -0.140368844665048 -0.831536863299134 0.877799281658995 0.509118647070128 4.0786827603711 1.87787928877685 -0.387462816637823 0.783278405257409 1.25479132698534 0.769806587025018 2.35881843529961 0.512068228710632 1.87782124032308 0.397647126983237 1.43281465752628 0.426634584429906 0.312954426160509 0.720788997715828 0.382634539949145 0.259653996678223 -0.0454040585675548 0.400797878858554 -0.00361761096063611 
RDCe -0.519675220285264 1.01970709849964 1.0560680571831 0.801192015175654 -1.12934365449874 1.44267331196061 0.396109478336974 0.779490940043604 -0.117838688588752 -0.967601849485612 0.909193360787441 0.374532154183566 0.398588302571787 1.99154574131313 0.848257354107504 0.33697404102741 1.59028523205656 0.0321280758999737 1.48810991394149 -0.820086622553747 2.56019121270799 0.419889916569131 0.235271467798993 1.26386791561026 0.40324834768225 0.490394563304656 2.76644828996487 0.000711813313550186 1.77360971413399 0.730960788072145 
MiCe -0.479216508944905 0.834268474415298 1.79319192327792 0.975998019600878 -1.40581142435644 1.12740806851323 0.668201993689228 0.335147214518415 -0.99996351581514 -1.44527198859381 0.799483868588877 0.739564448066468 0.815073635717119 -0.853484836715523 1.16258892616091 0.890915772831703 1.26544454213446 0.346285414051355 0.627709983656219 -0.385867671192815 0.647249667970809 0.609461304497634 0.812056998265952 0.953515192946502 0.444376561092616 0.689584337278721 0.54199308420323 0.0164951307165893 0.515943951462633 0.640308354998812 
MiPa -0.343569270431768 0.745008500186219 1.56252187160686 1.20954513248388 -1.27141206655648 1.12471966105748 1.37549928966048 0.36980060391383 -0.657054772229562 -0.785048082199835 1.33428893925728 0.661287224529239 0.598127989100103 0.086705418325779 1.05690160059115 0.341137382585106 1.53856621250281 0.29371076696484 0.595479540652162 0.259863923608864 0.518748165331897 0.679626530651626 2.74224703469201 0.399047269035634 0.302649907479497 0.610423303375326 0.425053883491515 0.000467251562366283 0.602327004725498 0.551960395614181 
LLTe -0.248035925661561 0.455836695946007 0.704630968546055 0.761487275119118 0.134322189231573 0.319388393377937 0.634727790930013 -0.0681937599526329 -0.435951710683283 1.46134005740902 0.609999739655121 0.780054786309491 0.292086353732357 -0.0893114511868186 0.532878758285037 0.676125987691866 0.519449174395547 1.44316827734083 0.302635640649393 1.34671651582268 0.231941014268303 4.14584631927972 0.52128104326591 0.100531434299472 0.129527490849411 0.0177887498678364 0.0964800154494202 -0.0187352955594831 0.435502226621936 0.343662818794433 
RLTe -0.328062820730353 1.00871732457359 0.679151988083489 0.790990985577733 -0.598848373740601 1.88476721130608 0.414227883655819 0.778578409732249 1.3191245743758 -0.698448257103279 0.943560525396863 0.297535960553494 0.285042252203744 2.30197063862538 0.489410598664284 -0.0178237262826113 0.734958491113874 0.00187549199767467 1.0025642707512 -0.698416867591973 1.11183962028053 0.434072900596042 0.292480937135575 0.766499851014844 0.342983958942589 0.208277675744731 0.419550188840712 0.130149751271192 3.92478271401501 0.646738748372742 
LDPa -0.312842737049594 0.631610910630587 1.22442400744023 1.20822350526653 -0.471228947828515 0.720748124079725 1.42110725955615 0.151480577317425 -0.66376700792749 1.79170286012019 0.932119200585047 1.41429212614836 0.745735464759277 -0.0685888525414772 0.895725611049022 0.741888602043446 1.0204554665249 0.998908954610018 0.480662880348507 2.29378815757077 0.319694270721784 1.51623887695511 1.35145754520895 0.187157927011722 0.293183619629855 0.40906599444645 0.188542980790182 -0.0200435627113348 0.421403859353405 0.441500977377959 
RDPa -0.354823440316203 0.834114157937355 1.20088492938795 1.13972031759136 -1.04254010363876 1.37099392919376 1.01179613474712 0.579353864563281 0.587926322433649 -0.74351279910861 1.63440054245879 0.396415203730287 0.390301873035737 2.47959463182494 0.881047660227246 0.137342777162632 1.67252636675734 0.0718244610448942 0.957579318365281 -0.510173665823535 0.993028110867144 0.509014884114747 1.10255746461053 0.779361147248213 0.314665986347642 0.48704660417036 0.933361708329373 0.0154304453629478 1.60468989483784 0.484919816648752 
LLOc -0.199208086672664 0.397845870485366 0.826506439052298 1.89064708767629 0.99824883424581 0.560918921251078 2.11379163963341 0.299755494708805 0.0463114705471236 1.31496024030053 1.32600195565631 0.550251693270358 0.35864941283317 0.222887749912923 0.789007820121881 0.191819608541627 0.957679562309708 0.566781488647656 0.411559494442565 1.17217764971401 0.191632833180514 1.3001302555282 1.06946774185755 -0.089308529913601 0.1134276962472 0.291846080394341 0.0656201971136034 -0.0269422773027419 0.30598773267028 1.03023670587801 
RLOc -0.22250645280036 0.655179763681387 0.870894801396483 1.70065214037778 -0.425506605717568 1.26463533277379 1.57100512314997 0.536105935233067 3.75523211461792 -0.423464823307819 2.31386421028579 0.325773181430485 0.316929589190952 1.85514310738559 0.724556862068388 -0.078971866658798 1.18338486596135 0.0539903609054192 0.726035748196252 -0.274034466164998 0.396871753049887 0.566980985551245 1.01366020717735 0.132923008037271 0.177636069639761 0.35607333404536 0.222418513604158 0.00243639413830469 1.10787562291429 1.02841439424262 
LMOc -0.263064994950428 0.603772832824225 1.17357005087664 1.55644329284862 -0.690062949564403 0.919405391777371 2.51093582734191 0.328988431990836 -0.374920481361462 0.6737049335309 1.58403563599323 0.704370950359319 0.506831961637092 0.309618569197429 0.954775547487902 0.213728105973579 1.2428514775329 0.465222567388957 0.500242789938839 1.20930911336802 0.310619310438988 0.949622407379542 2.30295888567368 -0.0190010523157448 0.215588655990431 0.506269260077212 0.192404887907721 -0.0144177027405245 0.481302796872087 0.701312736997257 
RMOc -0.27811234212472 0.679881850833745 1.17841787104632 1.487772777403 -1.0706819340972 1.16501313442012 1.96545028023821 0.445227310025601 0.403443476670973 -0.471535507268116 2.33150950916714 0.469425373819298 0.422886723218752 1.26643767581262 0.93989862939674 0.0149920461752151 1.49669641285606 0.169647675997434 0.650217511275986 0.0724347344290467 0.463921625970104 0.633972377360938 2.28363648787087 0.11615339107649 0.21633945555772 0.541936940232027 0.363348262065122 -0.00543170991719681 0.812353266939004 0.708547718943636 
MiOc -0.164762695760075 0.382483529436878 0.562024091447918 2.3256512003761 -0.417729579030639 0.847564302350413 2.15365885137131 0.421218414563567 1.00161217674386 0.114057395633936 1.81002058081336 0.38288823718436 0.316261368540984 0.698355653776545 0.558276788933428 -0.361084888718009 0.824037244257374 0.195912587686359 0.370538154086037 0.22134980548466 0.186877252666858 0.734365875872812 1.19368702500939 -0.408865609689572 0.0961505467030245 0.417156938845566 0.100728587007809 -0.00126851794828341 0.417887707698057 0.966058181847954 
A2 -0.137748423207149 1.09018869375662 0.107789756687283 0.330456333458833 -0.36041994867641 2.10401500572386 -0.0296623047953397 0.794006976437813 0.938024734971952 -0.716729118536052 0.273924548780554 0.223229325020068 0.205432747002091 1.20652640248088 -0.19472166086017 -0.40445016092963 0.0173324126132168 -0.165105895612596 0.537126403808685 -0.734734862032111 -0.311795898968583 0.316171529469949 -0.114269966914806 0.30716700942525 0.217174549537234 0.00044912132046015 -0.40546105024097 0.165406350811931 -0.746648859132587 0.554297470558681 
