 F00 F01 F02 F03 F04 F05 F06 F07 F08 F09 F10 F11 F12 F13 F14 F15 F16 F17 F18 F19 F20 F21 F22 F23 F24 F25 F26 F27 F28 F29 
lhe -0.973130263619881 -0.0694188581155028 -2.43791792805843 0.909302148006281 0.418291343450818 0.234006286716984 0.571608594736197 -0.795950984745201 -0.0629339803750442 0.33704461170051 2.36616077829884 0.610793967156865 0.246256763572486 0.267445827200106 0.426484744446585 0.0274398095997396 0.024350820010856 0.161578456589 0.33793858652461 1.40700221969921 0.211624380854015 -0.142796504503679 0.530430997384001 0.26041831529498 0.163946772887119 -0.46853062530977 0.409927375509389 0.156838809756059 0.788448944805688 -0.311151149803685 
rhe -0.847090135644327 -0.0796799299830327 3.63376016802356 0.931618051566874 0.513962115078907 0.305367010324313 1.13455906412601 -0.829000774813053 0.0211872435961623 0.594142585335732 2.83016072038666 0.251537129515177 0.654226281131882 0.327547577339999 0.123871491558252 0.276574563054897 -0.0828444084353848 0.325496079660617 0.508609019664218 0.605107502146199 0.668234858063931 0.0486239755499063 0.520755386748826 0.423901980534037 -0.248627095048323 -0.6774800386527 0.382010172437356 -0.0525107146652292 0.333121123199775 -0.499808285079919 
LE 2.33748387642471 -0.0185275139998858 -0.756504376998999 0.863022149775966 0.4146605343469 0.206443334457388 0.792735530115164 -0.750427333108876 0.0433390304790144 0.562699779814746 2.8669790378466 0.645965150756032 0.37747072576744 0.282747297146076 0.17257748783972 0.0184407640870879 0.226508296870176 0.263290155947077 0.498862761339574 1.10188960436999 0.536677047394884 0.166419285208685 0.578577848670819 0.222526400955673 0.0329144470771534 -0.730802943641976 0.763063251112757 0.748352391828245 0.50481912827397 -0.882306105857566 
MiPf -2.60019746832088 5.36471665475139 0.622826609655983 0.926929409830165 1.00411232774613 0.54628245542737 0.936424896346736 -1.15960750364136 -0.846154477776222 1.16056288234816 1.16263270007858 1.77891902883345 0.193106795483081 0.484916612790245 0.381879285290536 -0.0342428899295964 -0.746931467172146 0.976250317856443 -0.0145886425683344 1.57932918031578 0.317438035959338 2.58347520623575 0.441306799087056 0.555973433824528 0.392944517664273 -0.803830176666642 0.227784523717812 -0.634571784943352 -0.0156073172346729 -0.0420632328041222 
LLPf -2.20615997171017 0.201675560150499 -0.355433785930079 0.962616344977604 0.833775569144253 0.459741724025092 0.688738896669154 -1.09999571613177 0.012164144911525 0.871144547249433 0.954541339074236 2.60877978091083 0.103346957146131 0.698711866797369 0.676171343693558 0.0385459752213268 5.36687333625827 0.288198463342295 0.376395308083307 1.81937548415646 0.0381024522493654 0.422314101201288 0.724923392835189 0.482889658813423 0.262724647518547 -0.950390169719461 0.750743633082704 0.465255912026437 0.00427878511396369 0.159191450806179 
RLPf -1.95472740145221 0.246649726827916 1.53757921794689 0.971143273653953 0.900363758693204 0.552144021565015 1.04603665050905 -1.10656295707515 5.36091826679318 2.08382237986947 1.00139757060915 0.66462841143929 0.536517407989373 0.694334130693074 0.168438999939529 0.294022405306087 -0.0185072446289753 1.10618115270332 0.383454417230462 0.976517360666142 0.134425111197591 3.52478883651359 0.47244350057983 0.883912856379642 0.113027323436212 -0.817985485320717 -0.532083897191316 0.185995630362329 -0.137917662136985 -1.47192634538046 
LMPf -1.14574204562972 0.633858147368604 0.367710138575305 0.962458243435159 1.22592039587274 0.696198165162044 0.791175622005612 -1.17462212965219 -0.216550741940564 1.63801755465888 -0.106401410650282 2.21216268917634 0.08730107652146 0.811932026134895 0.697299743456821 0.087009700465446 -0.358471998879394 0.375391269862394 0.259021391843871 0.967729992746241 -0.216126664099082 0.243890749211492 1.02208420771185 0.592778365563825 -0.64989366358522 -1.54722500729748 1.62989636917063 5.3132205930551 2.46126740563776 -0.0103209362678692 
RMPf -1.09029315061081 0.598934656210595 0.650221482464595 0.958481792485505 1.26030259647829 0.729301010283211 0.873417955337531 -1.19450575148403 -0.278984543338101 2.52467019374474 -0.110068080806957 1.1822891825845 0.304494528568342 0.900129994949791 0.43825894531619 0.199173232058385 -0.203788779687183 0.564539277773663 0.243296844899426 0.873014805671688 -0.191084943268667 0.743992442058334 0.86194818778757 0.838073644335857 -0.763910415897657 -1.20228665397419 1.06908005008623 0.0809733076030151 1.07982083307842 -0.236273779579856 
LDFr -0.87560547091702 0.26533425900848 0.156453720961817 0.98870411783627 1.12302657531585 0.700403080055354 0.696665892656442 -0.993089287855746 -0.154196443052971 0.989298749046542 -0.187201073022864 2.33501957909384 -0.077977318189105 0.846158938763577 1.2195721629325 0.184752397006472 -0.531586907884463 0.276847638344073 0.237556398579897 1.19050388544301 -0.274186558756534 0.274074067072821 0.985627736482646 0.548591514047546 -0.328238540257209 -1.23612136552777 1.12942384989021 -0.0673527099167711 1.12995608470833 0.650182423126186 
RDFr -0.757054000211395 0.210828832972184 0.839700764053588 0.977519849133606 1.23017240978112 0.768077813778766 1.06478254452316 -0.988519088173104 -0.535487068772474 1.73659392305238 -0.193440730951129 0.493480753389826 0.620106437292529 1.03503239488105 0.341388742570133 0.801848280882121 -0.127941315828282 1.16031322952515 0.377233200973271 0.641005194810395 -0.31480913927619 2.5738998121385 0.495945577126107 1.65034063997491 -0.517435501476068 -0.822541681992698 1.20392346508483 -0.216104839316 0.290856478585436 0.961286250632357 
LMFr -0.638603995652724 0.238249916064001 0.389433513499802 0.979439355017186 1.39626495555932 0.91713762451138 0.816009431051516 -0.989779456356158 -0.0952093798492373 1.0397906529789 -0.479331253220071 1.19936177730602 -0.0384388334996065 1.05630649656853 1.09678304259996 0.381198571197328 -0.157562006342588 0.266377228562565 0.19304378667589 0.751269483251746 -0.328132028644734 0.104879677244459 1.36631622783324 0.601388004699186 -1.24035560516297 -1.56150674963922 1.44234770564955 0.207117097040265 3.67035075071995 -0.0215757649965323 
RMFr -0.610842763321286 0.227663085683874 0.557720954531655 0.966661731437912 1.51072188253321 0.95008139637647 0.928920401398952 -1.03142801473791 -0.16077255930196 1.30481711892341 -0.496768725683059 0.634685230146665 0.326764901440115 1.1604225558003 0.559468368986732 0.615316443430866 -0.0795584338303299 0.468044370608995 0.286082403071037 0.612775958177806 -0.352179334280375 0.447936164327462 0.888384448016714 0.929670833321544 -0.997746229288532 -1.19872920008873 1.11153197749096 0.110739816181628 0.678460402316177 0.487675973151583 
LLFr -0.746625711327036 0.0424788862231529 -0.338831576595218 1.07910654932618 0.623268161117215 0.407627715389831 0.422637829324384 -0.736879298098404 -0.0818254178850441 0.341663895092132 0.153230452325999 1.23926188508743 -0.0929115308279766 0.462131559905683 1.12406559790556 0.203927496644436 -0.180951533604413 0.172957538837698 0.155427968131493 3.19807014669212 -0.322357722375108 -0.0508203631819588 0.665438867569296 0.387639449784262 0.444026320082977 -0.232393836338459 0.405430372930415 -0.037572243462647 0.845719161119245 -0.04593190929919 
RLFr -0.650477756279784 0.0616342530218073 1.27045195160229 1.03171467310854 0.736561181850072 0.519326975193936 1.36937371298718 -0.773551617407124 -0.123772910605733 1.03913249055583 0.301678813448678 0.229489561356045 0.909316174853973 0.702431072766387 0.237428843006728 0.804283341993243 -0.0891842469917749 4.68509656970646 0.404572198461001 0.648261837708717 -0.196292663235172 1.48666360500545 0.48978739214701 1.60738407122995 -0.352424208285114 -0.557821702612571 0.588966341683369 -0.262122513689562 0.170219261271772 0.214254085256462 
LMCe -0.455048771850076 0.12398420335031 0.351331024909992 1.00793727691354 1.23302321885017 1.12179446045419 0.780517277707187 -0.524557842336111 -0.0482052601709117 0.661826344789896 -0.559238080495379 0.766965075475836 -0.355393678867672 1.25844740182187 1.78264753425428 0.679369338430342 -0.0724653916228063 0.21146013338696 0.249430767763958 0.70665092316431 -0.374179180846101 -0.0129453326687647 1.29619378199374 0.601273010722507 -1.59141238146425 -0.761065431029744 0.848424578449468 0.223126037352194 0.553743853400021 0.300618490173375 
RMCe -0.404503730580166 0.114782348330787 0.556786461391604 0.977874718847432 1.27647089753102 1.26718081263205 1.03586481430638 -0.480792133217584 -0.0838932282496103 0.835630997203443 -0.577561561797101 0.269580109945519 0.636968232231549 1.73839346790976 0.747387574849613 1.61203262368878 -0.019953597931173 0.531551516211861 0.504751883119946 0.445405138346306 -0.480642619126123 0.30331866804483 1.05395214293642 1.30873985014025 -1.13311025923782 -0.766510457397023 0.597829409071625 0.122064746703312 0.417107476650464 -0.143816627412758 
LDCe -0.525423848552666 0.100121069770146 0.161886525120892 1.06283053052995 1.01096124957075 0.784475719751459 0.58539244488913 -0.467786009164922 -0.0579540908109868 0.552278835193183 -0.394200865134967 1.07078073349273 -0.437197881938557 0.921624285308729 2.10063999540279 0.507022036843857 -0.149000563104478 0.164926084574699 0.159530057776849 1.0534716455008 -0.407850327540915 -0.048043291697073 1.06342280502662 0.485507327807449 0.207583321708293 0.0908465076305435 1.40818829710654 0.0378191343474066 1.17258342815086 0.88078156984441 
RDCe -0.431061841149676 0.0986300961739643 0.719490473417202 0.998304694591729 1.08345183486181 0.988491689861919 1.21980451222708 -0.390534578275691 -0.132690294912896 0.942366310600302 -0.41428599736304 0.194968275997518 1.08674883870156 1.32895730567303 0.572626449834615 1.88911692105774 -0.0288504199142107 1.19893789194525 0.523935318038402 0.37313388621117 -0.656093169539675 0.725375714730858 0.694754195223277 2.90947500452161 -0.821214940002631 -0.547486523706014 0.469874435731591 -0.0310753063588498 0.291259423816272 -0.0663605337648545 
MiCe -0.471662593818376 0.150699258747527 0.461937539517684 0.975007260909308 1.44030219260316 1.1442527872054 0.890815407241829 -0.85236717989918 -0.0680807831517936 0.83357290257413 -0.616989229199756 0.54554192333077 0.0519682760657285 1.3985268939121 0.987561530636009 0.737264787703374 -0.0439665394574858 0.286724743182214 0.240976364198589 0.56454883143135 -0.387874331875184 0.0662190107036867 2.03644357177465 0.720570979264968 -1.4725548781442 -1.43673455216796 0.987358391763389 0.183927617445131 0.446686215754745 0.206170857612769 
MiPa -0.352619243437336 0.100756323231925 0.450556520008483 0.984203570628342 1.23443578155121 1.54269533223421 0.93574771661034 -0.33780267034671 -0.0157701050084363 0.601670435402671 -0.644713344574122 0.334415131378882 -0.0423292105297286 1.5208940899568 1.19955267567069 1.24767268168098 0.00103670998728703 0.266072035787307 0.525068418155726 0.538297268041838 -0.426496658357625 -0.0564122918821593 1.6674624805378 0.788954168224929 -1.93383241868388 -0.497420807803979 2.66456490859868 0.172726619303677 -0.137447025653726 0.271508449139245 
LLTe -0.332212165862832 0.0416499614774001 0.135331526957419 1.33472603880587 0.576162587157594 0.458827555038191 0.122995504134583 0.486645371678246 -0.0509072942152359 0.260225483334802 -0.427322776522916 0.571995955180655 -0.838061000333319 0.560242893994384 1.37794115035305 0.544582664834743 -0.0415975393310098 0.0864292364624278 -0.213230457463468 0.733989599959526 -0.66221751552753 -0.0765377072788171 0.675415598765572 0.341143945788989 -0.218616581611779 1.61984782005462 0.398409506860581 0.10513808897646 0.278286307786092 -1.02856007339865 
RLTe -0.238497663679775 0.0550961640458912 0.689126447310226 1.07780564160618 0.592549046327683 0.629903076395484 1.87159806652388 0.64457834546977 0.00746396054483784 0.536605910473479 -0.468453850595682 -0.00354381884244346 2.06463002092322 0.769613683266009 0.438139349728752 1.69156224047972 0.0225389599659675 0.591425567218212 0.558820842145456 0.000865938426787341 -1.98034612697906 0.354466049173434 0.776934865954925 1.48673577607776 -1.0661498904272 0.122459070289714 0.863807441715564 0.0654032891038473 0.380001899273047 0.0353608486009286 
LDPa -0.369429324705821 0.0778228013916686 0.304396504854977 1.05879474282565 1.03238892913077 1.09029191926354 0.660378999350079 0.142493130278315 -0.0322684986200292 0.491522912032793 -0.52612317235852 0.683021370006561 -0.809876657531784 1.12295564683576 1.98386314780886 0.84137987995003 -0.0490466187697474 0.176035723128374 0.287572884612698 0.726723895472833 -0.413902104788194 -0.0156849883506111 1.23622784538838 0.547770933072434 -1.37563581828171 1.65560610828313 0.685744746137784 0.162053639717344 0.52270107383772 0.069029081372712 
RDPa -0.311153692277098 0.0825882459267926 0.579629995717653 0.989926432362372 1.04034702434481 1.37466646097498 1.21955096916694 0.308311975449108 -0.0492078014356842 0.74344937565266 -0.53361042849481 0.18438316060701 1.41329798359919 1.22551563246944 0.794396213192648 2.38020087741733 0.00921485842848034 0.634715301878348 0.740847077886518 0.331562765513067 -0.695872358283213 0.242558539905608 1.08348071684884 1.66720564432712 -1.33569824987443 -0.134942045389616 0.598359417491511 0.138606440741261 0.398693640091328 0.434689983612721 
LLOc -0.205942673353755 0.0406064915343105 0.349027981611463 1.05746990948512 0.838884764758871 0.926126432296603 0.653082743930394 2.37515978525891 -0.0256045427316569 0.389655898882955 -0.436087449240865 0.272503848997558 -2.139284000177 1.03356780963985 1.30942109868431 1.04619464240621 -0.0130287184253224 0.157773120941517 0.754611144000361 0.460602566838243 -0.348514303739523 0.12339436056098 0.736762986333724 0.532309754100095 -1.04108120151021 2.24376260302559 0.756835543981017 0.222326925160679 0.413442762329432 -0.181376209580549 
RLOc -0.155904046738607 0.0574035975439849 0.489239690356462 0.966540447444476 0.814865869531344 1.70724841735118 1.22137393820128 2.36244626763683 -0.015743997294056 0.519413493028999 -0.479794605685518 0.0622942341276413 3.33251852900821 1.24215620943673 0.990336534817197 1.65811747546397 0.043573665564626 0.295409351163203 1.55985420198948 0.246906622550761 -0.490048788449191 0.0748943571669257 1.23307027717064 0.91896301471883 -1.62452574684482 0.688399790663528 0.383228677460029 0.224299585771519 0.783937291245449 2.035283147888 
LMOc -0.28315456506812 0.0719177183857421 0.406161239001471 1.00556444885977 1.02734033187718 1.70889396744615 0.898614379038216 0.43784359343129 -0.00622819883723184 0.504342858630324 -0.6146856232416 0.345033288886476 -0.774398275089883 1.34145199708253 1.43952866271925 1.13081793646859 -0.00312503693060725 0.206683047895564 1.11794120464003 0.542757388715614 -0.371363456983784 -0.0642409398009776 1.29838415903006 0.725735476093883 -1.76019166582583 1.07670038524615 0.880471055421512 0.150370793609179 0.39046986323322 4.00408518174091 
RMOc -0.259847116399129 0.0733161812485892 0.486731673131152 0.975535568254087 1.02650720678629 1.98173376498672 1.06700846016768 0.478888395709195 -0.0273563572190155 0.569958423694518 -0.625702823379284 0.17416813488864 0.724813224587492 1.32525389567295 0.969840312737912 1.72941653220652 0.0199389329301199 0.328113245343051 1.2363097801661 0.377313375696626 -0.460588470985156 0.0167229733950246 1.26659156004448 1.02044208933959 -1.29814102234413 0.123834512145611 0.539377747270127 0.144051571969292 0.390200200296874 -0.273637607622221 
MiOc -0.159171347085876 0.0540319743663539 0.426220458932413 0.944552659769801 0.752902529527811 1.50198231304975 0.915479039180895 1.48789301193502 -0.00318021539073141 0.36189923866289 -0.543245057897331 0.0075590970556914 -0.327850379901255 0.868121920920903 0.872342938215392 1.06849365136038 0.0188222974964857 0.147998170033226 4.52127966149519 0.255864598836463 -0.244267587483526 0.154499965217551 1.11902865109506 0.56437361543004 -1.22742895826295 0.594124935667968 1.57687341324657 0.00700461268249199 1.32568092505262 -0.0149613126478669 
A2 0.00522339815357016 0.00534148689222785 0.813787337374016 0.980541237275547 0.165440738666024 0.101904938827919 1.84278671902403 -0.196690040144051 0.054251518418326 0.262454434676591 -0.0346626803786402 -0.0842864484062194 1.07543178684376 0.17251040231152 -0.0754486483440775 0.351991909308981 -0.025399301562342 -0.604761599350949 0.542711112385542 -0.244550863925674 4.62399761830645 0.259471386675052 0.354779715787144 -0.060297311185105 -0.348194303541144 -0.253074567128787 0.701562056597754 -0.103853542716179 0.267446460555186 -1.56484733614126 
