 lhe rhe LE MiPf LLPf RLPf LMPf RMPf LDFr RDFr LMFr RMFr LLFr RLFr LMCe RMCe LDCe RDCe MiCe MiPa LLTe RLTe LDPa RDPa LLOc RLOc LMOc RMOc MiOc A2 
F00 -0.225212357373769 -0.0875631271106519 0.28774059555966 -0.000199925709009487 -0.0128759644447823 -0.00603012332574328 -0.0350053586281639 -0.00520016208471573 0.00188245423661338 -0.0256453267862759 0.022221543222106 0.0579172046444194 0.0225469468699012 -0.00128443340846195 0.0068396734646869 -0.00709613606367617 0.00427479445419992 0.0169068843333369 -0.0134614312183876 -0.0488392753014149 0.0320137351004553 0.00545154125360675 -0.00343476300947779 0.00310720487812536 -0.0292593023168878 -0.00659237781144286 0.0447525307389486 0.00752215775872384 -0.00504578248430483 -0.000909151757615596 
F01 -0.102581592843602 -0.0667983317583607 0.0863560909713533 0.187781117486147 0.00418086040512813 0.00684308588789437 -0.00307212517677221 0.079396664217539 -0.180357608803596 -0.238039097764092 0.0466283206406015 0.0262290947406366 -0.025437142892652 -0.00969573677970257 0.0461340556935818 0.0341646665110728 0.0579805336213473 0.0920711972597512 -0.0595026200044054 0.0602260740850708 0.0666459121741778 0.0112008468484834 -0.0876465831286838 0.0218305501692326 -0.0493655608952986 0.00813411718155794 0.0811969291855086 -0.132651192438434 0.0313340856977798 -0.00152858241290822 
F02 -0.19355256622267 0.161734592808935 -0.00659647638263107 0.000161931001308782 0.00518549121375908 -0.0021853127761693 0.00828699824609829 -0.00876266559548941 -0.00736381132762959 0.00378428485050012 0.0240970834337949 -0.0351477286450232 0.0527898135970312 -0.00502621025910801 -0.0182105710248222 0.0117348097912888 0.00464774234351122 0.00927024284600084 -0.00032960591400968 0.0143502295220947 0.0321349890687229 -0.0215417742617941 -0.0134596612965377 -0.0163453651065094 -0.00963758150650837 0.0115589688509109 0.00442851635037269 -0.011484300682187 0.00288559741503865 -0.0170515214577224 
F03 0.0579277589262633 0.002108423695845 0.042950054117933 0.00346072212613168 -0.00686862440414373 0.00473589135476214 -0.0106796241502803 -0.0462462173161384 -0.00107605921195005 0.0338304302607831 0.0745904124435493 0.00919147685978413 -0.124223205878819 0.02114265858592 0.469252609239968 0.11409151526608 -0.317435263330803 -0.0399224897039652 -0.135992547165985 -0.0353983151741759 1.41860774746416 0.0482665657781121 -1.07664939168759 -0.107355575644282 -0.302466113701693 0.00121676468173193 0.46525835867968 -0.11281758502034 0.0780362946713963 0.110184789690845 
F04 0.0618795368579281 0.0357194184133164 0.011162868207767 0.0245837026699321 -0.00628296109818144 0.00688548860623519 -0.0213464250197794 -0.764716513175031 -0.0118467814729432 -0.137095544192159 -0.193391541526808 2.38796871090293 -0.0794048075183413 -0.0196901249197263 -0.486315553130665 -0.818424408368949 0.151297753912198 -0.132259377075274 0.201410643629649 -0.348713156965808 -0.411381767038265 -0.29610015655866 0.71804605353033 0.654312119153602 0.306357529466854 0.116553473795657 -0.580131966958835 -0.177299955092648 0.039489962209576 -0.0868043509222681 
F05 0.0199132090025772 0.0124379944486686 0.00322638353755873 0.00104984491286639 -0.00209031182083532 0.00519963923132392 0.00164319483907012 -0.0363223168253132 0.0169193436956916 0.101299682483827 0.121435442244921 0.0875361999274802 -0.0346416454702873 -0.000992537504148489 0.0365447787759634 -0.564491835175934 0.0106308903670848 0.125668241468827 -0.309607162451925 0.119405921787865 0.0445434672646751 -0.0559966064737126 -0.315754547920953 -0.570558350932268 -0.0552189424349217 -0.0698387245454004 0.148248819604411 1.45900575666865 -0.247232889897893 -0.0350131507335496 
F06 0.0355042828493536 -0.0373349872869116 -0.00228704373417541 0.00151441538343119 0.00343306640070298 -0.011907424362583 0.00617164893724678 -0.011106309762102 0.0152863610446583 -0.0599434321442839 -0.097696067277117 0.112338788376919 0.0866152757548591 0.0253728847773561 -0.0016400672473374 -0.0499051927601843 0.187738474392109 -0.094677245960047 0.0297455068904209 -0.241678201380267 -0.720072282135512 0.630532752790922 0.250169914036742 -0.441382833295841 0.259787929006968 -0.242376658703705 0.0351333525664729 0.449466798481183 -0.128964371184086 0.145212519491345 
F07 -0.00514547847720653 -0.00276026659073582 -0.00896921976747794 -6.30939604098069e-05 0.00193873894720789 -1.26755474320167e-06 -0.0111369622562894 0.0157287972422823 0.027051438821956 -0.0124089726351682 -0.0149965581170056 -0.0316275941616264 0.0106036312059497 0.000990442676633573 0.175298127464715 -0.190256231700278 0.0467458097954427 0.0630475724370762 0.0902180231189031 0.0112971368732986 -0.0659849716040391 -0.0457864715668747 -0.360615806171375 -0.0367685948201944 0.381018476961948 0.199836313495567 -0.131604786820742 -0.00663363542055295 -0.0651782219864991 -0.0157006506428958 
F08 -0.0368534608885741 -0.0532947511697478 0.038541872757462 -5.96346088905631e-05 -0.00669781434493713 0.163356085184197 -0.0202812526439941 -0.0359306594045519 0.00817567809852681 -0.26035300101549 0.0439740285279752 0.169401855213326 -0.0102841737955491 0.00107601639108093 -0.0640588692503311 -0.0495450183849615 0.0362814356765145 0.0929789339779865 -0.0881331770574896 0.11882442007304 0.0152211926280986 -0.00253509446465829 -0.0473746495120593 0.0193067667677416 -0.0165192481959124 0.016365929977095 0.0767542889679094 -0.114982839636278 0.00154374501437762 0.000570924306612774 
F09 -0.027976275246944 -0.0495655578441253 0.0497607104082722 -0.0534033472806478 -0.00966085115658982 0.0048378576415378 -0.023587961700565 0.770334213833806 -0.200484554967602 -0.0725279412252708 -0.133028943907409 -0.364418673848451 -0.0322825509110644 -0.0114179646570307 0.116943235168827 0.0224408887749668 0.189365049280099 -0.0791633775603652 -0.030747867063237 -0.0639795698505228 -0.0417241743982624 -0.0297249917491482 -0.130507066082408 0.213135684843177 0.0450071387266289 -0.0093228223384329 0.0650024034131239 -0.0742169860729663 -0.0114764666506263 -0.00965365340385502 
F10 0.160455338433595 0.144746388700293 0.0608377727486725 0.0113129868269182 -0.00452907585543588 0.000736885200315213 -0.0137046098882703 -0.0247491386179127 0.01314264366022 0.0295810373807281 0.00344514083727671 -0.0690804099910307 -0.113761618753794 -0.0235880149211672 0.00855971800281906 0.00211465672062471 0.0171889999373138 -0.0030059010439001 -0.0434498782089746 0.0346186936011342 -0.0935807491979387 -0.074270605910785 0.0574248232608043 0.0689574664002957 0.069197384251984 0.0360287625269061 -0.0420341585359501 -0.0369725695931453 -0.0325488051578316 -0.0767887496085584 
F11 -0.0829950231661567 -0.0176734488940073 0.0508053281125205 -0.0110816510700454 0.0457400079607161 -0.0010075820654447 0.00618497305238658 -0.0906790964969556 0.694440829668374 -0.0439598505710917 -0.0327363863292723 -0.123010268867767 -0.100392465091638 0.00287575310700223 -0.239210885241297 0.0593041271431731 -0.269230626579532 -0.00642195248783774 -0.0704361092720315 0.0148283760398928 -0.00494329407447004 -0.0124441999760072 0.211665641093454 0.0656450190023966 0.00723090872475841 0.00175888813372357 -0.0256499842138592 0.00749687618154257 -0.018180776308612 -0.00411870084029069 
F12 -0.00173510925032018 0.000346976729747266 -0.00165014396087632 0.000736473482966154 -0.00078155379536798 0.00102677656199712 0.00163135748877166 -0.0346317188688919 0.00645312722222795 -0.0077233290710093 -0.0254182488970656 0.142507126749744 -0.00126332224384894 -0.00169872775587062 -0.105384868945407 0.0357161456793675 0.000466453023644215 0.00158714492468495 -0.0651904827080869 0.0624603965524483 0.0499798273858448 -0.0306573601882177 0.199455223756841 -0.0352277556022694 -0.198134065405957 0.234742839017052 -0.132734446436752 -0.104290607595276 0.00520739682467593 -0.000966495944216753 
F13 -0.00551357275826121 -0.00376602649673997 0.0097989034106475 -0.0055069594392156 0.00620996478790826 -0.00298009879619727 0.00141684133790325 0.180719671005119 0.107701570564639 -0.0406132483130483 0.0153817273659783 -0.86965441600188 -0.0176608040435152 -0.000563430438186621 -0.255670127947565 1.94467360918863 -0.00504676916231043 -0.00113129231289411 -0.176680663260982 0.185469710668276 -0.0484986453098741 0.0526373128078085 0.0599354386400255 -0.994637783464736 0.0111408995209009 0.223287641131512 0.138839485512952 -0.475560832307276 -0.00367642456179941 -0.012671567764353 
F14 0.00589507008691206 0.00488010102497285 -0.00129608083189594 0.00160138494567793 -0.00655126136239967 -0.000130913542352726 -0.00866001239795671 0.0951670853301948 -0.214581140345124 0.0550643245838778 -0.119001282987837 -0.251457050069063 -0.0730046532932508 -0.000845351401096938 0.832855639110058 -0.174567641559023 0.442811410560286 0.0229802138787628 -0.210139503675634 -0.111205823389078 -0.181791901373675 -0.0316637880582728 0.0444815821037452 0.139863868965404 -0.0485459377215619 0.0452969041241713 -0.186444097601114 -0.0763569057675428 0.0349068956043355 -0.00952162387588601 
F15 0.00153991184178618 0.00498121530114418 -0.00321506693201969 0.00319536006051577 0.000749330222851722 -0.000596222739558266 -0.00474791370452141 0.00297085449302686 0.0260443851787726 0.0468990683956332 -0.0068859059126173 -0.19734198551514 -0.00419456634244186 -8.81789166911229e-05 -0.046059539058783 0.178360963052298 0.0779230697457493 -0.479699026961687 -0.0681658365069584 -0.0418284158232533 0.000345368872487363 -0.145070398005342 -0.0844451566489974 1.29155235127768 0.0404779115717352 -0.240988503227991 -0.0380461967171693 -0.353809375917883 0.0457942388914608 -0.0013961649033324 
F16 -0.0794700527525786 -0.027702565296855 0.0490394452320415 0.000442870500634055 0.165003370871973 -0.00677065448415307 -0.026549300023472 0.0120155630837312 -0.214147017431442 -0.007588342778518 0.0773473592569698 0.0247143248070368 -0.0231007237914914 0.00154300374972661 0.0694345678646847 -0.050290146017627 0.0424353088729434 0.00401595116904439 -0.0145886247308864 -0.0201584783746904 0.0264364532405615 0.00483250968616274 -0.0425879207477641 0.0233902066944183 -0.011539470238554 -0.00405942543015204 0.019054054721334 0.00298254692544564 -0.000737025143987802 0.000295643678928366 
F17 4.03551220628489e-05 -0.0436519281470353 0.00371382156099223 0.000706969409253404 0.000865006230739679 -0.0060970579088623 0.00409475432363894 -0.00122977885948222 0.00666468413995804 -0.126492599920573 0.00278747780092774 0.0401069875978014 -0.0316222695976722 0.26163093119318 -0.00952659061085887 0.0198537417035408 0.0110493487989539 -0.0755229970807491 -0.0228729878572414 0.0224488196020403 -0.0108495101621364 -0.0820654439982591 0.0151165361356973 0.0697699650061001 0.0184763170938331 0.0214903368032542 -0.0318765054497882 -0.0361501707635108 0.00283908815559938 -0.0254095195846426 
F18 -9.61995673628888e-05 0.00210170235779538 0.00198485639771302 -0.00118232985751164 0.00187972986526176 -0.00125086242026434 0.00879731244054086 0.00834849391921073 0.0446726092631585 -0.0364520548377117 -0.127874126051908 0.047962400905349 0.00064540193308704 0.000161523235224177 0.0175413068416446 0.143495560780146 -0.0233647267790461 -0.0111043288008293 0.0115641246965997 -0.109804548952327 -0.0230807055841953 -0.0235279258140142 0.125505166153527 0.0576554156233492 -0.129279871485467 -0.0200088635023866 -0.0167505772954167 -0.20751858963383 0.295388443295311 -0.0130800068858668 
F19 -0.0901069863555938 -0.00625514341502352 0.0194902611049843 0.00144734705422781 -0.00426896336724327 0.00108065773505232 -0.00181536282327874 0.0392475123808977 -0.167915079508214 0.00841378690425007 0.00996303272860672 0.0030754685195127 0.459252648541728 -0.0062322797971648 0.0193376442616219 -0.0287383687865345 -0.133745178082476 -0.0102764704929197 -0.0350091879318665 0.098347826807589 -0.213202429093625 -0.0294357745256484 0.07838619046413 0.0413532557966892 0.0817439686489505 0.0354748024284132 -0.0328718631849717 -0.0757736854723885 -0.019431011665772 -0.0122201450584868 
F20 0.00220868516348068 -0.0162810254781424 -0.00931038498427461 0.000464143893496787 0.0014893269532759 -0.000659291252189353 0.00394753556619159 0.00128569805042616 -0.00405082855449282 -0.0231858184192838 0.00305267893194036 -0.015951951426497 0.00327315318373407 0.0236963901895778 -0.0234391449154675 -0.0538530996906055 0.00664503708904643 0.0864702123317467 0.00739034001591641 0.0341505907025779 -0.0288489586605417 -0.240946106629804 0.0249430894408633 0.131783414965151 0.0228798296540604 0.0652512534364401 -0.00449084493137145 -0.0998249178725515 -0.0136388369227403 0.139713031412996 
F21 -0.0111282277296386 -0.0272303262213606 0.0151328969289923 0.010317072000335 0.0030080401162585 0.0308572466142726 0.015437623834707 -0.226458146278992 0.0250299530941814 0.515592085177301 0.0823553996169573 -0.31142965375095 -0.00281878928003169 -0.0514183900517367 0.0798697335080496 0.00345350478643656 -0.103876358924824 -0.172864245783403 0.0954621780206081 -0.045769063239635 0.00823671536867018 -0.00241369455246883 0.0642041235238017 0.0289190124938721 0.00335831242925488 -0.00106443825949726 -0.0768910820618681 0.053897105987669 0.00287657479315381 -0.00459776976580216 
F22 -0.00116053224407889 -0.000879319707409756 0.00307113497767121 -0.00261090336723056 -0.00061130440895042 -0.000200747491385266 0.00424952018437542 0.107894650343981 -0.000751992983797941 0.0639642667691165 -0.0041873505632356 -0.657236341853332 -0.00393751377980452 -0.000734955299492561 -0.667289749710774 -0.267242469631717 0.109020381868951 0.0469846004880945 1.11513176699671 -0.071227020212398 -0.0404580809313055 -0.0232951536054599 0.226643511650652 0.127477924596634 -0.0169095254390143 0.0132507686302544 -0.00427487201595306 -0.0640448006462611 0.0194552391939869 -0.00206634264153832 
F23 0.00128255025362484 0.000131798416622662 0.000814026225002019 0.000161693171399683 0.000311062550129119 0.00101392430622701 0.00798160558108124 -0.0011051525432291 0.00383940850510589 -0.0729676987130858 0.0412005065805157 -0.0530083898182452 0.011406505406075 -0.0956485374747724 -0.0358199954171992 -0.479007324543547 -0.0465893071143074 0.829258015501982 0.096419921778619 0.0879433243982928 -0.010315923295654 -0.0635788106549034 0.0100887401113174 -0.393421546208963 0.0111383614818382 0.0619214093988786 0.0414494503963079 0.0719405460827102 -0.0211006536157256 -0.00217159690438361 
F24 -0.0108237287413916 -0.00161482951918989 0.00425294523794201 0.00122061732911051 0.0023774896750857 0.00127883615598373 0.0152454907336128 -0.00909096755217988 -0.0346720315983541 -0.0129812995970215 -0.127106674801896 0.0500607788026601 -0.0446080131970574 0.00117330914672729 -0.474179071368789 0.114141162717411 0.593315308800059 -0.00399049725177883 0.226739450883527 -0.15932019558228 -0.0657711748307045 0.0139070345657663 -0.183700613762939 -0.14278659400404 0.0793602558850572 -0.0387647946164235 -0.0454395376300709 0.283866078022997 -0.0304835804057584 0.00230268021406042 
F25 0.00402407922051793 -0.000224772719338725 -0.00245301373192838 0.000538462778941634 -0.000310062923272902 -0.000538175514521986 0.00777411593124495 -0.0200581246847214 0.0230578588868483 -0.0282266073400701 -0.00258443509814879 0.174587047231848 -0.00356316711562593 -0.000184933806453448 -0.603306586755473 0.0598826249926663 -0.0575412383048518 0.014469462052918 -0.0137047547269485 0.0322254740127073 -0.0536582567538569 0.0163082977978991 0.648080696989003 -0.0917301438798337 -0.100276310708867 0.0203629884093723 0.00767899973148986 -0.0373734601283994 0.00189259834528507 0.00325673827577881 
F26 -0.000902690537758319 -0.000984503177404247 0.000798536655021692 -0.00074714403513714 2.41428345492186e-05 -0.000483874825434 0.00400769147257866 -0.00642100524771709 -0.00649657902851497 0.0112636879277538 0.0510860432074249 0.0576906461000575 -0.0172129813703208 -0.00106059769440105 -0.193682921259812 -0.097770782987473 0.129974318568932 0.024410041476632 -0.193351723667263 0.458578441526028 -0.00738482393907911 -0.0017509043730745 -0.055587952290102 -0.0190011098830583 0.0164094455117148 0.0247949874500175 -0.066147514231889 -0.118148805692714 0.00961459088759559 5.2508066855642e-05 
F27 -0.00163857642853251 -0.00177113084508249 0.00297285257179784 -0.0067479493133252 -0.00413817226159142 0.00133107266669483 0.18851269720825 -0.0755651600272898 -0.129950456619205 0.0279783659874771 -0.0907760307457436 0.00772592162783058 0.0130423053486058 -0.00208864144342529 0.0641138443039562 0.00319277477607332 0.0202281230699628 -0.00717031215458258 0.0267710230811698 -0.0360830351200213 -0.00414116857286784 -0.00204699376054797 -0.000528623937551687 0.00210398330805357 -0.000938726193393851 0.00073568030716518 0.00066676321312589 0.00669989039874841 -0.00226063133481837 -8.79289324959937e-05 
F28 0.00371915138715578 0.00131344222446487 -0.00202455294586408 -0.00037983930869938 -0.00253125570385772 -0.000252231353458119 -0.00380361342677255 -0.00612628516023305 -0.0915388550685782 0.018714825673969 0.334755806957717 -0.1439075311395 0.00637169104610185 4.05769642864286e-05 -0.124550460748928 0.0946651198215508 0.0147582723627605 -0.00341833450513111 -0.0798905075019077 -0.0580635822656157 -0.00379961772285386 -0.00106440363598561 0.0246857581539778 -0.0180406988952404 -0.00710633383070471 0.00329340466235966 0.0454665036887145 0.00448928439055642 -0.00539514727451924 -0.000772124738293009 
F29 -0.000166836195150141 0.000663939284264169 -0.000215665375454039 0.00053651966215561 0.00020842857007016 4.21083279258855e-05 0.000995921505484555 -0.0118107214242363 -0.000637723673262817 0.00716092238475628 -0.0101400252690455 0.0207980855758625 -0.00653475250341791 -0.000167022798824394 -0.0188967107081449 -0.0104236568681156 0.0521999359661596 -0.0209179356551216 0.0212308319324021 -0.0383534029390294 0.015450141335028 -0.0103967307544059 -0.123453958453625 0.081765688984635 -0.0223108324867274 0.0211642396152757 0.210582242689137 -0.146015033970775 -0.0136833795747061 -0.00120511176858969 
