 F00 F01 F02 F03 F04 F05 F06 F07 F08 F09 F10 F11 F12 F13 F14 F15 F16 F17 F18 F19 F20 F21 F22 F23 F24 F25 F26 F27 F28 F29 
lhe 0.360486667987492 0.791843380413176 0.12397340135756 -0.450667305927483 0.0300599584762547 0.0220796146621347 0.209782607852639 0.147470957947669 -0.287485792377105 1.73017820419331 0.368148824887466 1.99994207270882 0.479150064201389 -0.550417155773692 0.0331459061626726 0.195307452338493 -0.0433615811743168 -1.8635825733401 0.222055657237629 0.022899427040464 0.194456727150492 -0.329117298970714 -0.15402667745416 -0.666930751602045 -0.0453097867378645 -0.324749451445333 0.452690813678148 -0.183336094243156 0.027668085880972 0.487352612596978 
rhe 1.11007501085327 0.77840552085884 0.0269016032493024 -0.845710090788778 0.157794068313175 0.14545084022731 0.573673436927334 0.108517761827367 -0.395010409334401 1.1728948681004 0.259851845264557 1.45955776956244 -0.0683389613684499 -0.750465679688136 -0.110558307733433 -0.0296627206141924 0.552268123992069 3.71602589790228 0.827318320158884 -0.257578436490977 0.928361252664564 -0.200372268690219 0.181505054619444 -0.746868328259717 -0.0515689742794868 0.146595547470161 -0.35782998295597 0.397603793469323 0.351149170760422 0.47488608527492 
LE 0.640840239094993 0.636725172892924 -0.0886080941568035 2.42774341326895 -0.00208916053770399 0.0320409289840097 0.124140430019005 0.0588823700578795 -0.552326953056647 2.70185904448435 0.174005429466478 1.40892789571738 0.176204601564586 -0.606916815407858 0.0376062163021993 0.132103781592337 -0.030467424949638 -0.558319518011976 0.241742087204891 -0.251795721046364 0.243546754863801 -0.57567096213059 -0.199189495750453 -0.687576349462282 0.0226543334054683 -0.202041164360772 0.311177070926581 0.863077521850925 0.0993562296028312 0.29465739382571 
MiPf 1.05666153495352 0.845479546238287 0.671341481195719 -2.41190762305525 0.0405784199693848 0.0579818077063738 1.27259708153236 0.368651393545188 -0.172888236404603 2.13900336796648 0.227279915440702 -0.674634288881673 1.44090648860241 -1.27546692603164 0.198750997557195 0.000106072786974835 -0.0682737565580802 0.700747548749598 0.272184667248975 0.185742454912849 0.446573110920783 -0.172190449949437 -0.212166071224084 -0.760882957351329 -0.226571598947344 -0.398335977121199 -0.95120079753874 0.961998955035036 0.956075102396725 0.587345638522886 
LLPf 0.719561576039528 0.990983562359726 0.593837413266346 -1.8879049592995 0.0898409681275791 0.0667345176542639 0.667356878260057 0.353932686086939 -0.0346639489333425 1.74974730946287 0.0950248109258572 0.170254070886034 1.89526597111568 -1.03833556268965 0.62954454946923 5.43317997173993 -0.0496370677957912 -0.434057161991682 0.434860964694946 0.402632403135129 0.169797877362501 -0.117455702455127 -0.223578595877329 -0.746749519373255 -0.126092966622457 -0.557044378285439 2.39963950150662 -0.507403392832798 0.28887645121313 0.846294117855343 
RLPf 1.15871932930469 0.825060404492796 0.500627788318281 -2.0969934909683 0.303323512289676 5.43858772108076 1.6078635984774 0.337166213378947 -0.162106804099315 1.55615596505273 0.29759405263019 -0.0058679855561656 0.37522589170029 -1.08924570408955 0.0338165191951062 0.0373742705118891 0.160807016043697 1.95144165372102 1.45277672355613 0.0312861314700633 0.949755839078038 0.0697000130429924 -0.0208717195521588 -0.759908079884478 -0.148843871809801 0.00630382159617354 -0.254424527775487 -0.0862216433980938 1.17699312305161 1.08993476438948 
LMPf 1.04104880474602 0.960305523871621 1.14628298596958 -1.24641046359771 -0.0390646000777256 -0.0628220049009298 1.45761365358567 0.577119638255865 0.191396543574659 1.19486761313882 0.0760100227940527 -0.863224970515917 2.40962244495221 -1.33885478263147 0.459191690646743 -0.12065751528931 -0.0300918050188873 0.250577262484906 0.455231767735733 0.75820873590442 0.326466887520471 0.123624979451611 -0.2270613823827 -0.67043893726005 -0.257133251137669 -0.588491814621289 0.0576065340591143 1.11854487981958 1.28531367474284 0.608896765527591 
RMPf 1.17182767486721 0.878480254982821 1.09571260429049 -1.24534458719303 -0.111259718436387 -0.189224957654625 2.18042066701859 0.585226400141821 0.176968291854841 1.14164001992349 0.13031731288846 -0.925351144209201 1.46138707063207 -1.32264216233142 0.181493693859486 -0.117655169075171 0.0250194127941116 0.68247222694042 0.952027013527175 0.451015997214877 0.666601524134656 0.234723240313895 0.0175811700153896 -0.711338863001297 -0.258767383419475 -0.318324911131876 -0.327723084183224 0.97989063491109 1.41426144773425 0.689767545652224 
LDFr 0.788602686187664 1.16869766514078 1.20982603008164 -0.901484334854811 -0.0432838669326187 -0.0754164466307921 0.97028375771187 0.621953067186658 0.344364238290001 0.932612163791625 -0.0873399473518618 -0.641086184050128 2.04307874044002 -0.889062491388587 1.18836783898689 -0.473347575185795 0.0152007936856899 -0.0644745246957481 0.424824503749596 1.25107943415892 0.205089876747203 0.173088144419041 -0.123266474736727 -0.483412608693059 -0.16127624888613 -0.77832393173566 2.59162292445005 0.630645059797856 1.59604636847872 0.44075105576213 
RDFr 1.2111490575332 0.855448098248707 1.03342682676368 -0.922899223324588 -0.312041781835157 -0.481693954437639 1.95484904188218 0.62388597724226 0.286924177054549 0.823930912735023 0.0899777176665047 -0.769816923984803 0.672682914863595 -1.0200542599467 0.0988070335404056 -0.150994091140903 0.189253555915972 0.951991444529623 2.53352028938755 0.347175185074236 1.25356338007308 0.549001190373168 0.747054469205177 -0.654633744386869 -0.203126938820384 0.012520416199064 -0.15473179671446 0.596663423879839 0.960076186922453 0.531783063180582 
LMFr 1.05917781358802 1.00622591608181 1.64238428335228 -0.752494552672428 -0.0346903426269682 -0.0590471138573316 1.21228155690118 0.922858771121664 0.500357713615772 0.693334908668016 0.113889511419194 -1.08124274934284 1.60865795461721 -1.00429813263978 0.453945213618459 -0.151943655616807 0.0569713014559272 0.200539746185721 0.422432342438634 1.32662365981549 0.290789785582941 0.313100204153354 0.114750967361014 -0.430729257692072 -0.146088287920795 -0.708096699629807 0.454535590087043 2.16560928098779 2.71194148039351 0.246331323220267 
RMFr 1.19266255537654 0.897164899212651 1.55650482827303 -0.777858508959346 -0.0811136350551021 -0.141879501300949 1.722007132386 0.895122124665576 0.46626563420549 0.694140798960518 0.147151375496446 -1.10296896107976 1.09158972540987 -1.08631896341944 0.138019432394395 -0.0915082166100543 0.146619758447246 0.477621292753995 1.01236125392529 0.707949508825142 0.716426170775826 0.499502267226438 0.717304656297374 -0.543173124081221 -0.134270354223854 -0.223321090751024 -0.0109668272566385 2.71433657765632 0.323127547252151 -0.341232232919542 
LLFr -0.00311276779383669 1.76701355120881 0.587496178832636 -0.602884939226783 0.154989759514331 0.0817991095995379 0.379660322126721 0.407005514456442 0.217724261805053 0.932842300644431 5.34324041216402 0.307566061182623 1.14745002892805 -0.31039901060423 4.63351986347643 2.27677531701356e-05 0.0216978587461952 -0.535378521306254 0.451667427035862 0.748036828758063 0.235445718766673 0.142457359921576 0.0281465530115766 -0.321422207653092 -0.0601560942297128 -0.661214805869665 3.07354613212263 0.377925729426925 0.360682181353619 0.61504226668082 
RLFr 1.18239844205086 0.830327414351303 0.389424512896314 -0.703238899891566 5.4484339621686 0.192120689172951 1.0108427712842 0.311839643375771 0.0931339763119565 0.696113733871236 0.353456880206573 0.0702157421815709 0.042599133518311 -0.720778889413368 -0.0174040395883385 -0.0429057237577974 0.26835704602125 1.83249247182169 3.41082196585285 -0.117962356221057 2.24951752574171 0.628173225376647 0.98187618483928 -0.715281314733 0.0594001764861301 0.204923369150643 -0.882514929349016 0.0902513876761282 0.678587532956946 0.349678619182616 
LMCe 0.975810702801205 1.0344966086916 1.54802700778634 -0.519217772482173 -0.0145016899070482 -0.0338223451183156 0.813230703645129 1.42211812520383 0.899876550914755 0.406081153521643 0.215494419361809 -1.15725570827684 0.960542435531181 0.520652026089933 0.349295013716865 -0.110916126279002 0.0850723976914165 0.12658487178108 0.211171837586218 2.25828331499153 0.255998455750502 0.483798032360141 0.679906307149571 0.236065036602534 -0.180330278410453 -0.871088039739776 0.856820768221801 1.02487936409239 1.10616998406205 1.60780877727979 
RMCe 1.20867290535773 0.857892844081919 1.42064523246637 -0.531691529254419 -0.027571429088989 -0.0842119018497166 1.17150409484334 1.3792589083925 0.866397649749887 0.381980362316341 0.214499911839827 -1.17003511215825 0.604901122468759 -0.166572657908802 0.00410877223898999 -0.0746435133943389 0.312513608614887 0.428310010661061 0.80683090880378 1.08220077615495 1.23956513228196 0.950535340311822 2.38876808319835 -0.18097773966617 -0.171986905862208 0.739066319091389 0.147803030247119 0.849851384892104 0.806200744312855 1.12194700307 
LDCe 0.452635798914489 1.45120418667895 1.14145785148813 -0.565089229633506 -0.00871686555146912 -0.029754466298224 0.640167858505102 0.754478758353666 0.614034274853296 0.570428508686413 0.134344128896776 -0.582907037689668 1.16754063810915 0.678509197267127 1.81095110750072 -0.18621012081097 0.0799105333253152 -0.115070117109469 0.275436170690173 1.86949604671403 0.205078210732956 0.289795615895249 0.26829224983015 0.076867119428822 -0.136237580951031 -0.967532174486725 0.785738818871121 0.633426628580186 1.05438204622471 1.00844097500515 
RDCe 1.19597288789425 0.850723654825309 0.926292029577257 -0.566192250876297 0.165728452207733 -0.1545376563708 1.18334466733136 0.760622534854221 0.627862537461406 0.452370544931705 0.168206537051193 -0.785185341876072 0.304765949466799 -0.345586569998859 0.0375137800288602 -0.096542235270881 0.562626081660887 0.878193946519293 2.03914986939176 0.502450960195842 2.70647259682873 1.19864126359748 2.35860590035911 -0.505840598012022 5.41804253016413 0.776200149931677 -0.282768483705405 0.274322261745121 0.591928720892449 0.348057863837223 
MiCe 1.15864663711198 0.926268027509586 1.7888861801822 -0.581638745618409 -0.0303443706374362 -0.0578523637448288 1.09916203674015 1.39300253966543 0.766702091164174 0.463281724467051 0.198554461725214 -1.2549552223078 0.928322206252736 -0.531499983360316 0.145474414712309 -0.0921288288510102 0.121061666175832 0.268253873308838 0.40878405822776 1.28831148238405 0.47557073953963 0.522846150850192 0.842080038872919 -0.203639445183194 -0.184820537819776 -0.399363918902392 0.263967269962224 1.27153109059087 1.01037117443628 2.11374273713289 
MiPa 1.14837662350629 0.884623860124692 1.48026305246729 -0.447726239793331 -0.0143416844349063 -0.0329191509300202 0.819142088786818 2.09742951021978 1.18993737644807 0.270088068144312 0.252478735298218 -1.30420082250559 0.623762756014867 0.573672351578122 0.00376235803420823 -0.0715373116067838 0.161415237771943 0.214960734067684 0.258697361752393 1.5980125005977 0.523977741899562 0.811196455701807 1.50612986381454 0.322720129684096 -0.167611462335443 -0.0224744361744205 0.664527355357599 2.16633935052924 0.947074930658353 3.17450256241187 
LLTe -0.394695813914204 1.86401207874387 0.621987251110485 -0.311780753023733 0.0112578142312205 0.000148869183661764 0.360618168341062 0.415941170041574 0.845433969929118 0.35373374656221 0.317098633270638 -0.549711803330876 0.745320052573011 1.06402895692227 -1.58131198624234 -0.0425849863743461 0.198758276449234 -0.0179400265725891 0.202422506552787 0.878208327191914 0.252859023215082 0.449915177087346 0.173782382346073 1.04086121866109 -0.0678752515293486 -0.829506845185715 0.72205634303523 -0.455952030628692 0.533652165558517 0.762794174402307 
RLTe 1.21660662702675 0.863099034975011 0.289999331505474 -0.294723784701774 0.0675238942870763 -0.0236659643963686 0.410626141056368 0.33477956483751 0.61598183910795 -0.0251689858053637 0.246735557892182 -0.581974011914357 -0.193538703626031 -0.021473990563712 -0.129393061197156 -0.0523998228890337 5.26877232048846 0.778017953649791 0.613874183308947 -0.0428164926104519 1.88475587976248 1.66734817057513 1.22551293671674 -0.450586992893898 0.11064851289251 1.51473015862021 0.00621204285286837 1.06312078781916 0.547667672035477 0.434157367230449 
LDPa 0.668220280200849 1.15564706464328 1.27266070538134 -0.410356723617724 -0.0049077890282019 -0.0154932209314283 0.566493203326048 1.21911093275248 1.12589887862498 0.295141226722649 0.248279707725547 -1.004379848771 0.884992801123465 2.0310965367857 0.232789745174561 -0.0928374690094721 0.102925737109147 0.0657592569446156 0.129042567099472 1.92033581987533 0.173323249614369 0.468564044558633 0.642675489133789 1.15081662745366 -0.124976866133316 -1.12675848202497 1.10038526458893 0.672330427967447 1.26281725984068 1.06376797504537 
RDPa 1.21448230813902 0.813840975828818 0.972076496538513 -0.39713049807401 -0.00869913113955884 -0.065249486919015 0.794695834081725 1.2408099317603 1.13888876406391 0.196114230346573 0.230356558462614 -1.06978459548768 0.293017094606539 0.441397485422837 -0.0652068655193352 -0.0711003217413652 0.792068748279439 0.456675231622249 0.641780389833412 0.771341414038879 2.33644416595851 1.78010069167765 2.27808474343824 -0.0406104693315383 -0.149129980563155 1.9382770295415 0.311894878050222 0.652602947352033 0.849975954762653 0.794727483581537 
LLOc 0.588062941987903 0.937372958888214 0.675017152615437 -0.239111054965067 -0.0222297319271084 -0.010351843846695 0.275232805938418 0.644761831313157 2.02555747684666 0.024014930115126 0.223804428811937 -1.00838194038035 0.462449800351332 1.8494163409182 -0.273147033435126 -0.0556477920175144 0.0676893589087048 0.128441305787059 -0.0809049044786934 0.927168227479808 0.050748951737951 0.521779790292835 0.470212410849062 4.27210894540768 -0.134964351966751 -1.04411763074943 0.603459946089381 -0.847140135410768 0.990158516958904 -0.859882147332327 
RLOc 1.2206758368611 0.780238159709377 0.423351288263702 -0.213434515971344 -0.0723402059382037 -0.0482928707465022 0.17006894091045 0.575276402904281 1.81511904052995 -0.0764352879345277 0.214074523111673 -1.05078878911673 -0.11597918156968 0.725252978500031 -0.133342857279351 -0.0665785906672131 0.694521618660498 0.253538253493395 -0.0349046526955216 0.236543242114441 0.708037560728942 3.91329180269448 1.00868599549273 0.0653899188253895 -0.145213343679425 2.92326337636358 0.211403091420942 -0.2737764104318 0.776429990368536 -0.383261619501445 
LMOc 1.00462710364997 0.888670526941633 1.12969690313394 -0.346298130554911 -0.0120170143819698 -0.0154895937470945 0.522613938260901 2.32304953964383 1.68696974713274 0.123369918284156 0.281435007077645 -1.2659937629147 0.556239078176172 1.82654896511324 -0.0816804790550039 -0.0704973224533701 0.0848022322201201 0.146757128537312 -0.0075595279827783 1.59974887497262 0.229764077907254 0.732157077602798 1.06752910711812 1.34244812722871 -0.154024056678264 -0.634595499611304 0.919265194747513 0.274422662246211 1.08535595952932 0.486699068897589 
RMOc 1.18873958048833 0.796530704647832 1.03592703204407 -0.334630068655685 -0.0211404686985667 -0.0364127152467118 0.581346056921001 2.09656276218313 1.61192225453962 0.0999229359160205 0.264508229644394 -1.25585886181713 0.321708374151379 1.09349111280691 -0.110627357114625 -0.0664632617203107 0.349859272184141 0.2429148691067 0.190759962760435 1.141353858412 0.913339537768719 1.4355013660587 1.7215035725997 0.524796287343878 -0.163996866706156 2.21752953462254 0.598171634606522 0.810044844831875 0.887113114179047 0.60994498905149 
MiOc 1.0120106837061 0.730001056323369 0.446988032811325 -0.184005783405381 -0.0186498304381006 -0.00928334694310582 0.140279434122358 0.976194391914195 2.75794481728602 -0.117952931968919 0.245104256945978 -1.12456479958662 0.050269781664659 1.12054490325996 -0.191114750232362 -0.0574325396254753 -0.00415476074224572 0.158108125118103 -0.161440087030747 0.432616596462852 -0.0531729509702344 0.383395411464891 0.632681930733219 0.740812312602355 -0.125590447214997 0.875216406871603 0.342110463610469 -0.314659571757707 0.752649038859458 -1.21711928045142 
A2 1.1012205821474 0.790575661981471 -0.269245764035467 0.0331380629903626 -0.0315123126271523 0.00292657450192159 -0.0956698458479238 -0.0763383313595623 -0.404793442485527 -0.499911200358076 0.214242918986645 -0.102331980151583 -0.398795871213166 -0.140241360081734 -0.199698697491984 -0.0141512548567733 -0.0432009485107944 0.678214322634139 -0.00125716038716369 -0.348240581715907 0.252840443303921 -0.131729925428883 0.18076306140122 -0.327814471996713 0.00454953757643468 0.738063291114962 0.190027474831331 0.549090997217895 0.205566246185457 -0.402912091437463 
