 lhe rhe LE MiPf LLPf RLPf LMPf RMPf LDFr RDFr LMFr RMFr LLFr RLFr LMCe RMCe LDCe RDCe MiCe MiPa LLTe RLTe LDPa RDPa LLOc RLOc LMOc RMOc MiOc A2 
F00 0.0807070594755794 0.025118547251667 -0.228234385134396 0.273738379568471 0.00916902683125327 0.0257057756629313 -0.1165341721396 -0.132890156001303 -0.00196617626452495 -0.0134162692750206 0.042601782879216 0.0526090961470241 -0.00450414553225304 -0.0041806968557004 0.0145283948893365 0.00827124866094181 0.00432164136286583 0.0103280691570435 -0.0410951822435763 -0.000298525825039453 0.00281669481668975 -0.00229202067448634 -0.0202715089522439 -0.0117112061792069 0.00603022692738292 0.000728376048916927 0.00546930161455943 -0.0099596049261774 0.00848036072242315 0.00986770949326021 
F01 0.169186726943208 0.101350527431405 0.0342675988714963 -0.0931022223458661 -0.0489757561366274 0.0135705509100421 -0.0685962324475293 0.0808305900623496 0.0858501134098504 0.037865437811386 0.18767482011431 -0.161030879866479 0.0672256533564369 -0.000362158175293004 -0.498213537503509 -0.0284160448677695 0.000203770483186183 0.00665816239306816 0.0559547767945854 0.313078182757888 0.470727591125757 -0.00538709101732601 0.60658070639804 0.0361903725364521 0.00644137705070727 -0.0276244844249781 -0.548832598933031 -0.114553449121723 0.324371815985757 0.0535009902646141 
F02 -0.208440580522603 0.150332479586878 0.0317849913416737 0.00879821945266172 0.038739488791942 -0.0076993037151229 -0.000202005930884992 -0.0116734850318362 -0.00776293340421121 -0.00682731311061389 0.00259910918869003 0.00276779654303969 0.00794073756533411 -0.0061637486608045 -0.0107929980371824 0.0101306529922114 0.00134128257224952 0.00557944449788488 -0.00303431417311254 -0.00874743856759056 0.0268408861854253 -0.000379958417878788 0.0270108468395732 -0.0218817667568783 -0.00791973136055546 0.00874115441568146 -0.0170137253088043 0.0151640826202762 -0.00355059545628165 -0.0467128445242559 
F03 0.0217121542926118 0.00286042761447532 0.00751713243254629 -0.0540547033765485 -0.00304739700406499 -0.00602818386032707 0.190468678037803 0.0730250519682553 -0.035770657933897 -0.0143255191068433 -0.17946727100664 -0.00591725205860808 -0.00775896206703748 -0.00338258654714235 0.119023383765919 -0.204602678187618 0.0489860915400827 0.0165584900684133 -0.388535046059456 1.30513491889037 -0.123690746276742 0.000811368179942588 -0.491056074582339 0.00723671780390361 0.111217943334264 0.10059422336854 0.0444005294978666 -0.454878465952746 -0.0595274954517389 -0.00112731394957907 
F04 0.326658493619644 0.270623455422207 -0.156252580568151 -0.137852930446843 -0.0639303410697737 0.0448657698676216 0.126752581388706 -0.061892873352355 -0.0285612739627365 -0.0671639565616443 -0.129776654661818 0.0989131483929635 -0.0245261142387387 -0.0196065833529814 0.182853529507843 0.0301662450167364 -0.013159747750128 0.00833514267798005 -0.0106355760436176 -0.153415299404075 -0.056500582125662 0.00207660224834064 -0.140852898935132 -0.0265720468518579 0.0385350843356882 0.0287672639578739 0.130639041993922 0.0308947336398687 -0.0717872560703834 -0.0814778692693758 
F05 0.00735294551875231 -0.00468430170218743 0.0194309728744446 -0.158736692565674 0.0119210756595563 -0.0651199127705375 0.136412344492561 0.704389107619769 -0.0883187636354456 -0.153010491978889 -0.348256127915852 -0.10607377545769 -0.0290951458268944 -0.00721837450272422 0.285471139013336 0.181360032557425 0.00774989902198193 -0.00580354927030281 0.0642164532870059 -0.327767440420202 -0.0332886265090658 -0.00126569182371649 -0.180549770714066 -0.0373876120752382 0.05762981493184 0.0395678469174295 0.13041826833292 -0.0414978500726693 -0.0357114626843882 -0.00654009863592081 
F06 0.0105527136826227 0.0041289026842158 -0.00189913614156189 -0.024842657416951 0.0224482814520321 -0.000463760038957649 0.0363658611463193 0.0120380155984576 -0.0606810835164763 -0.0165530080550314 0.0126045064250311 0.045939599948327 -0.0155270769478098 -0.00152757790352892 0.144889388750677 -0.076427146494855 -0.00171142399251668 0.0246866271763271 0.0661086291619543 -0.632916676075703 -0.0222039408738581 -0.00175914144794406 -0.0674121933347018 -0.231453179954341 0.0215783396110074 -0.104521413117579 -0.070755548947925 1.14863914250737 -0.202096937269142 -0.00456773869514756 
F07 0.00211129851402397 0.00605812435211129 0.00367994137858803 0.000353760321974985 0.00268167960902831 0.00292779498996131 -0.000495174667672992 -0.0091599213172011 -0.000991711169900699 0.00341086047575406 0.00626526792478563 0.00428147343767747 -0.00168778070931964 -0.0256381652607821 0.00955259432217596 0.0649043286419992 -0.00559641145299371 -0.053266123061739 -0.0186983396026673 -0.0156844647478931 -0.00936794704908822 0.241596683149184 0.00375924571167488 -0.0984942815734906 -0.000692192782056555 -0.0394111749228912 -0.00383743937950353 0.0244947347350222 0.016312738529885 -0.114783488954877 
F08 -0.165526261512482 -0.126703116881339 0.233901489481291 0.316594416779349 -0.0292879559044632 -0.0183713900281695 -0.130260220448006 -0.133982653107146 0.00282378775675925 0.0102321444270777 0.0555814184937868 0.0459775446845679 0.00123646013874017 0.00137670105940398 0.00231985133254511 0.0288242495625944 -0.00394275669153795 -0.0148198817188165 -0.0452074663797591 -0.0298856165342461 0.012089538238103 0.00382118209416477 0.0168221709137872 -0.0112310759196401 -0.0018193753706683 0.00240102218535521 -0.0144765002556336 0.0514416750396062 -0.030618879240672 -0.0106647656338133 
F09 -0.00701083327477106 -0.014132251007629 0.0018481220960475 0.00976814300246548 0.00439717685607411 0.00958110131027155 0.0217062169444448 -0.020086078351071 -0.0131481304062848 -0.0369131371646233 0.00959485570512544 -0.0114189809213504 -0.00062567839772472 -0.00618883756100349 0.0447057778728232 0.0695419582594282 0.0122689557906355 0.0301718284218563 -0.000361816132459139 -0.068580307309897 -0.0248125074853935 0.00349355639484553 -0.106380877345805 -0.177540451559255 0.141483955434041 0.311024682208058 0.065769318127264 -0.0482754536293587 -0.184276091115385 -0.00527902496814502 
F10 -0.000693097345283447 -0.00161492978672151 0.00569833921113085 -0.0024464602131492 0.00450836869509097 0.00115671108530673 0.0774644580993222 -0.0113226732368914 -0.0127394743428133 -0.00848939228507336 -0.283728187680066 -0.135498907268481 -0.00844769685545096 -0.00147823477458168 0.00320318924427834 -0.013084868924806 0.00742622499278248 -0.00339634397663881 0.953856062496043 -0.690430416854672 -0.014341886614951 -0.000334934749970244 -0.0483400748290916 -0.0157918559482641 0.0195820288856919 0.0109930323330891 0.108129837514341 0.106618213758057 -0.0390225942985946 -0.00242660531566271 
F11 -0.00884107496382573 -0.0272966720829932 0.00867482493773355 0.00626021218788413 0.00440766130612581 -0.0268366245327437 -0.00933144531857049 0.0273845655534446 -0.000987274667458441 -0.0840788928535109 -0.00435391243078957 0.0234440707559273 -0.00480893543042589 0.178066761392036 0.00865597919460639 0.0654084665854312 -0.00527714383196212 -0.0743639192995374 -0.0232000331179042 -0.0137707612200116 -0.000737471530229606 -0.0110117168255087 0.0047466129912793 0.00835945645073784 0.000720311339290875 0.00854041138447015 0.00270168480800578 -0.0173037078842443 0.00652686116467406 -0.0456615630250407 
F12 0.00637991755218728 0.00450280790164905 -0.00148129960875993 0.0418078292429952 -0.0401332481101326 0.00533825253189475 -0.207786917935838 -0.0619992373324769 0.0500615925304942 0.0580459310581931 0.788614592806845 -0.32071200341685 0.041467773231476 0.0026582823075854 -0.27527717867249 0.12423813989871 0.0330808581906376 -0.00441681878550343 -0.119471996226442 0.0292671084996991 -0.0758079671570048 -0.000810943123327403 -0.202939336958209 0.00213581686632647 0.0328700242559747 0.0156990835877857 0.166796707415524 -0.101881527779518 0.00562432383873938 0.00292810730014562 
F13 0.000930133196657161 0.00226539088801362 -0.00240410942321876 -0.00813820361291558 0.000760988234697627 0.00129202134412388 0.0674325234835678 -0.0240271503454011 -0.118009943130631 0.00843994824529523 -0.0138634032099788 0.0096517906392264 0.00685278730887418 -0.00148539476941624 -0.139562939564385 -0.00987833566766912 0.273924265420105 -0.00682982286952398 0.0224014509605277 0.0240620111163792 -0.138515666205543 0.000218639835233296 -0.0370716944066402 0.0107785381626269 0.0267053118800959 0.00110849412384956 0.0373277336298582 -0.0197906035512784 -0.00312153760951289 0.00470205538701837 
F14 0.000478777351825199 -0.000407040010945466 0.00127250226561847 0.0043584867656029 -0.00417285799856778 -0.0013503884589863 0.0257104732606715 -0.0181518330579913 -0.00400356024024313 -0.0505605087081137 0.0236461484230138 -0.0553208707668617 -0.00148078025735631 0.0034922491859603 0.0519640248735856 0.821066587788103 0.0029980580264061 -0.0818391244469719 -0.304458481734558 -0.181044622945319 -0.00846332312346709 -0.00252412849640399 -0.0291371458917054 -0.174739972622912 0.00132149813875299 0.0271756096595718 0.0577070035423155 -0.117277410794902 0.0194620801458689 -0.00547322621710993 
F15 -0.03303858866407 -0.00848322483207159 0.00745023299629687 -0.00585687659481433 0.00179075973940293 0.00141986660539423 0.100523256865487 -0.048003282859194 -0.216708707747111 0.0276476546551658 0.0548215952330862 -0.0210934429557452 0.155352431815168 -0.00104667136142239 0.0207798286934692 0.0162099956551411 0.0641603156439988 -0.0144250017837438 -0.0140165113970323 -0.0113351560425247 -0.0495017727479901 0.000446352599630237 -0.0492929884805755 0.00779082676358052 0.00913401000048895 0.00324836704327098 0.034554351452031 -0.0221971384174719 0.0035624086163129 0.00100239205676188 
F16 -0.00276419557335128 -0.0100786429762354 0.00269996430627507 0.0168599207138168 0.00405727505104674 -0.00820393294071786 -0.00138239533984275 0.0480405998521568 -0.00447810315895837 -0.00943356539944629 -0.100608471934429 0.0227626283007882 -0.00268468638884519 -0.000808797793153582 0.16139359638318 -0.0534751954509093 0.00766228080624684 -0.00754860270913779 -0.0312968509960862 0.168951373278834 -0.0416044338173578 0.00239706215110154 -0.101258405458191 0.0768374929684485 0.0841263630167683 -0.115536067454307 -0.377683329956775 -0.0658452772128275 0.357261550092501 -0.00437194054320194 
F17 -0.0385454401342089 -0.0659249618798836 0.0100745483278628 0.0207282829865971 0.0186993951184267 -0.00178970485543889 0.014210581510906 -0.00228511114302566 -0.023026093355457 -0.0363834885698591 -0.0121817437966133 0.0222244166486302 -0.00464531825725846 -0.0227570431385188 0.0478961530910658 0.0175334090202403 -0.0107718928510682 0.0072617260376672 -0.00748238937446219 -0.0542701015013074 -0.0199053796494473 -0.0171405495463603 -0.0181809875001143 -0.0801777179609976 0.0306133018790422 -0.0763361387578158 0.00452054900602926 0.114289270825347 -0.0603282823959637 0.279490594620243 
F18 0.000275075293697607 -0.00219116002530878 0.00503907560502361 -0.00250670996186736 0.0219508324140727 -0.00377838628622613 -0.00996458132881945 0.00782125944078578 -0.105191576860853 0.0105571600288982 0.0911914075323785 -0.0722203572743378 -0.0177403753572336 -0.000283117365340044 0.622707671849644 0.060743629315789 -0.0709826182302359 -0.00177723280859671 -0.182329003452382 -0.177022976965687 -0.00116643310804005 0.000481107754492784 -0.1464067205389 -0.0103733686061919 0.0309670995087431 0.000614173770730969 -0.117573683906682 0.0649536768771811 0.00692722457759761 -0.000637984739071006 
F19 0.00251475799097685 0.00100801560053341 -0.000541143481957439 0.0167739701854013 -0.00677896635577581 0.00149411157513105 0.0460524682753041 -0.11330791123093 -0.0133005655888755 0.0948498662434456 -0.0183923621074061 0.0434712423818625 0.000999918805656825 -0.00787372800484572 0.0503378433898998 -0.250936853965162 0.0196261122343099 -0.189633579509305 0.0568988981137852 -0.00904182451785444 -0.00686541672651049 -0.0451836536424639 -0.113240703207402 0.69986460983421 -0.00154832712554458 -0.0736057058010724 0.111983490342135 -0.337095785281981 0.0341550839040944 0.00566851014040488 
F20 0.00235082507590963 -0.0300047647880553 0.00809981879561036 0.0360936223532473 -0.0126601015009022 -0.0397216120806564 0.127691197197717 -0.304415922562808 -0.051279190733565 0.441030527633502 0.00799431843245249 -0.145400709382549 -0.013888894306412 0.047778391154724 0.0398847345538773 -0.125430779727395 -0.00204886730142905 0.00991089123322105 0.122946708659012 -0.0667335307239842 -0.00764857606289683 -0.0112575606510804 -0.0412496696583418 -0.0677460625115735 0.0118852636795536 0.0133511495882075 0.0355528023061956 0.0408156016774099 -0.0198700242601976 -0.0071088861040391 
F21 -0.00171163361481384 -0.000708977727636088 0.000904387140011688 0.0357519058534531 0.0162557742030489 0.0221795912155676 0.083261749256948 -0.344828376674143 -0.0279488593244039 -0.0590875008624913 -0.18431581683059 0.74853971084696 -0.0132244192845679 -4.89667684212526e-05 0.143884228986837 -0.10324994859098 -0.00430204201755502 -0.0140200298899901 -0.430396384301537 0.196855888251179 0.0010157287471984 0.000127690337013486 -0.013116509093909 0.0154349466995112 0.0217829068612224 0.00399366097090201 -0.0878099892771749 -0.0154003343896225 0.0134475241812409 -0.00192277753043372 
F22 -0.000623997481037197 -0.00430002449674144 0.00564195665824236 0.00344298317668039 0.00422952896284134 0.00315570518257241 0.0781044995753574 -0.0646802932640184 -0.0437437946110664 0.00259084090031427 0.000935508551774519 0.0124982167268588 -0.010355392517875 -6.47372221360105e-05 0.0090018337654176 0.0674069065476704 0.0123112208056608 -0.0139564446379407 0.0156496314909404 -0.170520899855539 -0.021520432083773 0.00087258795225894 -0.179929195556834 0.098871234418854 -0.0808337811161233 0.00671191301040872 0.647459199841468 -0.429696053894876 0.0644817561084149 -0.00266845112632108 
F23 0.000371504824066644 0.00415485758545246 0.00135406044903269 0.00346695185689685 -0.00400694537520098 -0.00240575539419754 -0.0102699984352623 -0.00248799075082103 0.00991143720655338 0.0122162260897208 0.0126562216369192 -0.0122992780168669 0.00715994752687041 0.0020501007003626 0.0620767004315 -0.0185386669314032 0.0239063961091224 -0.0111421597134407 -0.0180524165808587 0.00249820144031702 -0.0285230590852323 -0.00307517199915141 -0.137655024085969 0.0452717680006763 0.267919794853746 -0.163535571825126 -0.169335944708078 0.200370950015684 -0.0670624309274941 -0.00407921343246663 
F24 -0.00631703192486166 -0.015767904736249 0.0080517619986983 -0.0150991064155044 0.013631850029672 0.00673645280223106 -0.0301724648371392 0.0976675289506808 -0.00102102394831573 -0.19914002233506 -0.0346681787194778 0.0694125543393114 -0.00366957105233433 0.0361517367618832 0.00831030092946638 -0.320202310665024 -0.000968279574988124 0.363906822821288 0.0647261534605699 0.058116218151437 -0.0042808657108581 -0.0313779648915871 -0.0147626068210846 -0.0529783828660163 0.00696552059037196 -0.00129206686329893 -0.00826585899947779 0.025033554302926 0.00599236782133928 -0.025287024119037 
F25 0.00277648433152333 -0.00800458119171893 0.000823768053305698 0.0580260936529226 -0.125379830652031 9.00857811290804e-05 -0.0178727786762262 -0.00861028938513865 0.235527767319543 -0.0309679687480508 -0.27854151995411 0.148569800615726 0.068896883600928 -0.000210150187663916 0.095074711608207 -0.0329912300042831 -0.0044173339402793 0.00352943298147554 0.0274001326602241 -0.0586245715441571 -0.0683868021296923 0.000483231370794881 -0.0943255093119298 0.017441696616803 0.0145203595379249 0.00335769688703636 0.0796050520789838 -0.0141758979326816 -0.0150734079449769 0.00530196765781158 
F26 -0.0726454733511871 0.00718745215308479 0.0243586893163839 -0.162840829041207 0.302563976994473 0.00918202769261406 -0.16066061686161 0.135110260132526 -0.00981226016639054 -0.0281956560711954 -0.0464268556120041 0.0173276770846818 -0.0143069017023808 -0.000925218279462303 0.0687357191334969 0.00828396054106766 0.00773037150806615 0.00596160344236337 0.0140275065339157 -0.0366696785152808 -0.0188238199643551 3.68067132527415e-05 -0.0820604033805307 -0.00535929102803396 0.0152688546939013 0.00839633249920972 0.0389345363764387 -0.0171420965954887 -0.00443738334273342 0.00011984674792512 
F27 -0.0129244448355993 -0.00481098913707915 0.00295535885323557 0.00241236833316597 -0.0035503940362163 -0.000817046812214926 0.0638641467612073 -0.0267575996238906 -0.0815566437085599 -0.0015759793299719 -0.0570543662689242 0.0381149294648886 -0.00870992314501182 -0.00112880078907903 0.116969040363315 0.009377233846563 0.167354054229492 -0.0141268346247249 -0.0266350608634063 -0.00924250034720144 0.19722339326088 0.00119790566716128 -0.467341736550537 0.0320471627024228 -0.0214941528995922 0.0119706029328813 0.238452820356975 -0.0861677792460807 -0.0217994192010248 -0.00449446117639815 
F28 -0.00210092421696742 0.00225568060498111 0.000772613502431372 -0.0222120086941287 -0.0353760926557493 0.0255210305715722 0.503794485561423 -0.383199497003282 -0.0601931801138519 0.0536402300707751 -0.203487714374281 0.0805784379220766 -0.00805822995886846 0.00240706741509015 0.0734626580482649 -0.0235483259173748 -0.00126638616024927 -0.00269124188063598 0.0299974775953961 -0.0249555552674242 0.00297653435085959 -0.000259623943360657 0.00920435516293973 0.00249510980889093 0.0109654142455471 -0.0122301707194299 -0.0780123141773797 0.0508425227765912 0.0118023635063182 -0.00107498914407105 
F29 -0.007867048824521 -0.0612140901649826 0.0309620980162046 -0.120955056576439 -0.00792713318516417 0.21711787324083 0.0622816327515151 -0.0209379385120334 -0.00631557755866522 -0.0976807129816823 -0.0123720607841967 0.019100234564223 8.65493132515537e-05 -0.0186335594062414 0.0036905533725691 0.0382257520380298 -1.09553931745471e-05 0.00747391437096331 -0.00876759171837122 -0.0150239087980401 0.00340253808825093 0.00242761417454216 0.00566461994031056 -0.0243332064698588 -0.00373580964255936 0.00579065400912759 0.00310058606420313 0.00149529443431956 -0.00104843248762554 0.00344301200298618 
