 F00 F01 F02 F03 F04 F05 F06 F07 F08 F09 F10 F11 F12 F13 F14 F15 F16 F17 F18 F19 F20 F21 F22 F23 F24 F25 F26 F27 F28 F29 
lhe 0.940204923945786 -0.686021832363268 0.860048386428292 0.459291338072713 -0.445948309290724 -0.610105521274743 -0.811615042790139 1.60380133955452 -0.441836955583077 -0.618258670082591 -0.0127786534909235 0.49174497202975 1.04282317942271 -2.34659935087313 0.942339848881219 0.409020847716694 0.681639616768024 -0.0851601229683428 0.927140923579624 0.0262855163639547 0.212731026920877 0.0314835277270627 0.384052979665513 0.307091832522487 0.195968323900499 -0.402125911908083 -0.259825094835312 -0.276910809072823 0.719510279801515 -0.538147927278563 
rhe 1.0115156576462 -0.877256385995781 0.993580304842726 -0.772737504843174 -0.280697338262232 -0.562205215468091 -0.932205187434665 1.37558446200488 0.200520541928884 -0.605785277416237 0.0192043727758864 2.76184381973175 0.413911573715388 3.59641615343176 0.272796733626999 0.859291408328641 0.945249470063288 -0.375364858535124 2.51922070129901 1.74826020076568 -0.40689243413232 0.7383778961478 0.899986751754756 0.367622790373495 0.473266633077973 0.0239186854248536 -0.0740560980238945 -0.184461751901306 0.319541440209734 -0.577289499195577 
LE 0.962051050852689 1.45805061206888 0.925598160327866 -0.215050383824254 -0.263709915378586 -0.450716871888008 -0.817843867023259 2.08518157483305 -0.243622589665579 -0.552500129645847 -0.0770752999224648 0.714908233798646 0.804738337941167 -0.101109572409518 0.505186721823109 0.501673028407734 0.685096438621 -0.19309316847281 0.694405601870561 0.582276226589282 -0.0989172989153875 0.150555433480419 0.485197243070384 0.18438396855801 0.422786520372609 -0.393966558995786 -0.0905259245571005 -0.172802641557651 0.467078338452061 -0.340814908627122 
MiPf 1.01434583951859 -2.72233741998961 1.09840230176406 -0.816022364326031 -0.832462267212443 -1.133972059411 -1.15347004752067 1.2869007710408 -0.875623554450977 -1.02348078549322 0.193639243646695 0.598396385424534 1.76511910105333 1.1301539777175 1.43815060326681 0.435300140714469 1.63604654508958 -0.277149263766893 -2.11241737305067 1.06528682256613 -0.377036512071522 -0.350532337634889 1.12294500294363 0.899188907550821 -0.143363017463746 3.86935143028119 1.22859399580356 -0.697755356504356 -0.0838295365775892 -1.00579064398822 
LLPf 0.992620358023075 -2.51359704677088 0.985099040361942 -0.257754534490138 -0.801066669082464 -1.01558791960947 -1.02632451624436 1.29201395054744 -0.854594121827396 -0.951808854978716 0.147858392711143 0.241127402716731 2.12296062305637 -0.149337444324684 1.99702314188883 0.440485782024041 1.13579693417432 -0.0826039636495317 -1.46024489863176 -0.634001865470935 0.282198651729097 -0.293230944628273 0.550778460041667 0.710259429248804 -0.178977050602824 -1.14258695510791 0.173435486915637 -0.566680227786419 0.573585620317319 -1.06218184546053 
RLPf 1.02261842381948 -2.25111000676272 1.08834558100025 -0.977036784954451 -0.814922270333361 -1.09577797913 -1.12584856524497 0.757464211020416 -0.599943302464596 -0.999593035191142 0.185860518555633 1.63982763320372 1.10223459968478 1.93763643795969 0.524145611757714 0.694440142248022 2.05104459805326 -0.431629889970524 -0.726385883486293 4.23915664890421 -0.595883818407122 0.524547232790308 1.9155514199518 0.761304765438639 -0.219304611119234 0.0476441655184216 0.845024815249715 -0.476382270456931 -0.0127076895145949 -0.768963089260486 
LMPf 1.0080493446365 -1.32619963697894 1.10708472677452 -0.88295100330082 -1.04601425574063 -1.35698876794194 -1.22545743441417 -0.155971831246435 -1.15963867409688 -1.39519874170455 0.353597144800579 0.274484861757826 2.77285258994797 0.468616512212628 1.74508281732295 0.168726693750844 1.56486147135807 0.00107306078340199 -1.33110163689395 0.253078487590734 -0.430160603794623 -0.404196015555253 0.696704680321496 1.95880705455227 -0.875557885943792 2.31262967028758 1.12526352730045 -0.987101776464138 0.0492960645035155 -1.06936985226312 
RMPf 1.01574830617553 -1.24545539552792 1.14477998204783 -1.04323546285075 -1.08125071089317 -1.37188572216623 -1.24744387319317 -0.290749248772888 -1.14377255169161 -1.41511528825187 0.375159611638208 0.589052399610084 1.739516506917 0.771705718552154 0.874791107258727 0.194196695577608 3.12931578188674 -0.26900420031543 -1.15536211318614 0.968391058721768 -0.685229419199019 -0.00854476889111896 1.50832080510707 1.79003509484238 -0.926700684598109 2.21160223477603 2.140683749651 -0.760378389955551 -0.148633865160223 -1.0242520968756 
LDFr 0.988347546827411 -0.870364155095727 0.959450314046108 -0.458189190628514 -1.01595712243528 -1.26415377280164 -1.06371327231302 -0.333607349114719 -1.11536730589265 -1.22367480599712 0.353438858511845 0.0394592633786772 1.35731409998857 0.0849526704302427 3.03396535234584 0.271355975434118 0.760840322380953 0.572925220962232 -1.09060543076846 -0.135979446801091 0.0435808942856948 -0.406108526007562 0.289446268177075 1.57341430806505 -0.725009712317037 -0.296223293670301 0.597633971360818 -0.731539523788869 1.07501893345493 -0.784998083841369 
RDFr 1.02309927079457 -0.877053591728455 1.14208323230932 -1.14580444232552 -1.0909851761868 -1.28676271730607 -1.20521414050294 -0.549512519342696 -0.917535300864328 -1.24214217920888 0.393697951914673 1.07566243809794 0.558647148117944 0.880894488433154 0.24892716491371 0.417489766028179 1.75702121260598 -0.383751444255869 -0.76194577034405 1.18993411080802 -0.714342971241219 1.16897862483973 3.87805246714798 1.28677435491628 -1.0152147656358 0.0661898827147454 1.71881271524794 0.127134823502032 -0.128943945671589 -0.978109744234622 
LMFr 1.00804061982528 -0.676451693446623 1.10995269067555 -1.00717237850508 -1.16930906723445 -1.49731267227373 -1.21625327085467 -0.797595678680575 -1.36266294985028 -1.63719920948811 0.730161508413284 -0.0573504839705841 0.790630105276496 0.322016736022985 1.1245215259097 0.362184498037146 0.719185920555921 0.721205247799171 -1.05917614209204 -0.218889826054219 -0.225277140221593 -0.551566830381317 0.0215557846179283 3.14558505928766 -1.31580093021237 0.222683942761962 1.19401748003917 -0.976308483458136 0.304718685416961 -0.658260553677563 
RMFr 1.01996612715091 -0.666147618478355 1.20677727689376 -1.19911335265347 -1.23568008515559 -1.52847991614185 -1.29363280674593 -0.912898369605874 -1.36771884512837 -1.72515176109317 0.76999367243173 0.172733663935799 0.350290697795081 0.53079691467254 -0.0977100017967478 0.324269229959177 1.01853930558705 -0.0484167813595111 -0.914690835758284 0.000742745227818628 -0.689094318356996 0.112086125147311 0.757443923165863 1.83610056982089 -1.39985768365524 0.484795844416725 3.85101917375022 -0.291909827148008 -0.258203045268609 -0.181472509228624 
LLFr 0.927856785545862 -0.53389960444366 0.614796422755294 0.993526692198523 -0.723060334118042 -0.796086821404657 -0.685875833017387 0.0896325282350467 -0.620496488382953 -0.674110825512435 0.150891509867743 0.308672347268667 0.807424930855954 -0.176820427428513 1.46326507495355 0.26634578338932 0.450689456911212 0.544196159811091 -0.656187426776544 -0.185137415222389 0.6568564838074 -0.048588599424312 0.0284598772803867 0.521717733383516 -0.267435368634565 -0.280540027616994 -0.0980940554053117 -0.331596377917674 2.44876087341421 -0.513416131784539 
RLFr 1.01391557285199 -0.691105921720736 1.0193442432824 -1.00480464497697 -0.828080017378748 -0.736344821252947 -1.02885348765648 0.0175950387791774 0.395880439945335 -0.633913203980387 0.220104344855957 3.41948830811747 0.254073849500172 1.26285544509955 -0.0474996305110542 0.931193285231612 0.955218723605191 -0.327176508872019 -0.276676619901363 1.37983720751404 -0.440626381164868 2.04969229926393 1.5420797860657 0.525723981365157 -0.343608427249598 -0.472312132953391 -0.051209505005191 0.211875036136037 0.196805871540642 -0.683137130128093 
LMCe 0.998587497817136 -0.387524392848301 0.979240962580429 -0.987793657159043 -1.1580502813865 -1.20456254822738 -0.859477742323233 -0.971467638715077 -1.31663460218691 -0.867379161197764 1.47201883937671 -0.319114880963564 -0.251976289114121 0.271762787244926 0.195800588284821 0.63871292489311 -0.0308904615036054 3.13160137916185 -0.949817359656105 -0.55585681097354 0.905360067628714 -0.357992504380878 -0.405233967399213 0.88982094006974 -0.92153397664575 -0.496657259660343 -0.141321035857142 0.50567840520637 1.07885273675327 -0.264805020850479 
RMCe 1.02486978553435 -0.418015991282907 1.18715759871283 -1.28820266513836 -1.24736501198532 -1.1967322885593 -1.16912128373798 -1.07735038544268 -1.15107659178984 -0.88784836940879 1.57664183804043 0.00205248945414232 -0.517370851515533 0.490259528798718 -0.712100807536822 1.44488350202137 0.150628214552507 0.350770076257512 -0.837336832883939 -0.247541120687069 -0.425074031722142 1.0537925223847 0.32540849426766 0.59347664432941 -1.21065918168408 -0.231263977485062 0.397592603425802 2.82864835337936 -0.25228073190352 -0.566377845900602 
LDCe 0.946157530260393 -0.413080635707118 0.545500251632696 -0.137192840489784 -0.924621777013894 -0.952509216940827 -0.595882351368861 -0.550620844934599 -0.90444399949324 -0.639332482631236 0.498495551932259 -0.0711714674039697 0.279968857319422 0.106344760063309 1.0726214398632 0.365378442933784 0.185457702509767 1.98306237349007 -0.857674230232041 -0.304746296510059 1.33298204526205 -0.0526724712436598 -0.164038481628191 0.7203049416172 -0.687095152650902 -0.370226646339237 -0.268480497322463 0.130230063643682 4.17262094352591 -0.669574660989787 
RDCe 1.02203228033975 -0.449042042277315 1.09226112910486 -1.2044626951698 -1.08716886519825 -0.85431985688194 -1.08868587350201 -0.770033678004362 -0.254881615038079 -0.508799739161644 0.677068625448775 0.995385596287758 -0.244142387400625 0.698060705785347 -0.443061661651108 1.77046215755925 0.486366850533381 0.00487072995706614 -0.646423372809707 0.348494143335088 -0.456372161153654 3.44339337335227 1.07884158163598 0.45060408050416 -1.09269583035173 -0.301066117085242 -0.293607224588214 2.22589061903411 -0.0645375062053637 -0.764174351445853 
MiCe 1.01828538138465 -0.445730496829693 1.19939075204624 -1.24789453915388 -1.27302235700295 -1.48303443891249 -1.2045211202191 -1.09727588864451 -1.46371477238203 -1.57132711774265 1.79706894603379 -0.274606148696234 -0.460552424219907 0.395513946043191 -0.571587485560204 0.702103781298455 0.0521904391762992 0.814573501940053 -0.930528541249689 -0.569795124310391 -0.305324072719071 -0.474956570744356 -0.378289738489154 0.83515693520838 -1.24102024460239 -0.133964637978653 0.53506821719037 -0.131036709294345 -0.155489034463929 -0.334538846154042 
MiPa 1.01845510879512 -0.294045555506934 1.14427427056314 -1.29524288305529 -1.23178529353653 -0.985260283424345 -0.894593969533196 -1.17510241159126 -1.36372044058409 -0.16631215035005 3.32781187591827 -0.48388715339785 -0.838835762669158 0.36965807470464 -0.718331110809267 1.20572781235485 -0.312276310146321 1.54152845610918 -0.861433897747492 -0.630831444050569 0.438266483284805 -0.116685665820513 -0.415764500193603 0.22884693774353 -0.709900664796387 -0.429330063517025 0.140017465631677 1.45110109070583 0.019239282380095 0.109822246207727 
LLTe 0.849210836164285 -0.201833237036057 -0.377366578191131 -0.0949099107022752 -0.704786189021 -0.359693222639262 0.46289166496703 -0.537223644209807 -0.428213960882251 0.0616606691102828 0.337958582148026 -0.197422850012771 0.0174418787187952 0.16579506653272 0.330122274202754 0.219460759730981 -0.0167218549909145 0.734479509154726 -0.550185569139191 -0.168610492048217 1.78513071062668 0.00146621496502623 -0.209522294224224 0.148947637067964 -1.00960261329127 0.255116662431509 -0.185716474218328 0.0307183950893533 0.638612102294808 -0.109276543672936 
RLTe 1.02128866764969 -0.239640971535282 0.966859867321735 -1.15249987394497 -0.907153918015312 0.148854133036763 -0.88195231424386 -0.651648935035184 1.52049564265351 0.217473813164214 0.400020552597661 0.972457491599613 -0.453059808401697 0.647157225195606 -0.52596872792043 1.65453285014067 0.124006360805416 -0.102854901778687 -0.389323538121866 0.135727494346171 -0.432928001360727 2.15487446007454 0.546158269122531 0.00284559977813892 -1.2227642962298 -0.347141692332804 -0.286931891941182 0.758323562192524 0.0191410581195289 -0.509554677507834 
LDPa 0.972224065694406 -0.258213912010125 0.674721965645629 -0.87244468317319 -1.03294839031083 -0.654147056815567 -0.0625478441463572 -1.0074492287696 -1.06992341561582 0.132788385343754 1.22140556995033 -0.419545745197755 -0.246471494450709 0.250221267073403 0.150489069931664 0.620376195231143 -0.158993784160551 2.62127775663355 -0.778337027760351 -0.388914107113745 3.44330189273847 -0.0371328994868358 -0.273539782479022 0.278764389789274 -0.860843188279192 -0.216847902064455 -0.547709991591141 0.803046362787242 1.38648345987275 0.00139542369889671 
RDPa 1.02646312154722 -0.272071171449928 1.11542014354436 -1.29207912702545 -1.19676248141841 -0.288036568869981 -0.975028330818576 -1.10469086335823 -0.533059898381792 0.43403503939821 1.15129146142212 0.0150694412426902 -0.663626886263232 0.489653240624749 -0.693573867973932 3.23763771710323 -0.0437268148137538 0.331492222079798 -0.676137561310672 -0.223364018296237 -0.0224269758650017 1.88738456281879 0.420365009490201 0.090742098716023 -1.47479966660951 -0.347325860210132 -0.107582544919914 2.35183534902557 -0.189455701863551 -0.407214979408898 
LLOc 0.983596126591514 -0.128708926809479 0.624211351329443 -1.01336115050051 -0.965950352002148 0.297631271139465 2.03098211453425 -1.01636545620691 -0.774253735956946 0.950860319732857 0.552788885256781 -0.566197378019817 -0.41468548539926 0.335846186362915 -0.290060742499309 0.14872077348811 -0.389451921649819 0.671433410626738 -0.5302597854683 -0.332461455452131 1.79932923708867 -0.230790149764891 -0.208048472406328 -0.0348367603823129 -1.28319194026061 0.0120585464202397 -0.460007408678902 0.328893628372987 0.368300830822254 0.464963980903638 
RLOc 1.03936582393832 -0.121136039383268 1.07814378870698 -1.28002552517534 -1.21329010999573 1.74756757296322 -0.781846534953385 -1.10026729614837 -0.462209027965358 1.27340261083488 0.436048718486851 -0.398453027614806 -0.822990482445671 0.411482685345615 -0.738037358529394 1.37037420806443 -0.435278441244628 0.105632839307208 -0.530809271715612 -0.346462514874157 -0.606309435834883 0.449367481487188 0.253404440354941 -0.344523967504327 -2.27861441104739 -0.489612929695587 -0.606796392438064 0.80359340772334 -0.223302955975195 -0.397853808671616 
LMOc 1.01238732840364 -0.197283029052537 0.999971084327275 -1.21386596420659 -1.20010311880622 -0.395077872758472 -0.0982947885966651 -1.22258631787419 -1.24843042322792 0.973673642272892 1.63899433792462 -0.596121295910339 -0.62715416795345 0.33424585114353 -0.431038903514715 0.676837080787308 -0.347947093294047 1.64052553099123 -0.763260053694788 -0.567370394968167 1.98538492591628 -0.14864657385892 -0.305986654505148 0.0694535866399988 -0.33833925565696 -0.432285541945257 -0.600672473973044 0.915849445792205 0.294076125380733 4.37253914974319 
RMOc 1.02979680675844 -0.195899457980629 1.15003465538259 -1.34213758843412 -1.26827650039623 -0.153993744133265 -0.769287048407161 -1.26272270219082 -1.14187405839886 1.3616449781447 1.46826595111191 -0.524768694760384 -0.893607972826083 0.386755656383893 -0.826369024965543 1.53633021978751 -0.475428766006405 0.625825943134094 -0.720112942780948 -0.561622789693071 0.107829913854293 0.184952898420886 -0.156877960559591 0.0154847675690733 -0.908707014027561 -0.569129503429966 -0.0838280012023873 1.31863492814955 -0.25046710107625 0.117019653067407 
MiOc 1.04191724822917 -0.0762830824555126 1.04135724583691 -1.26009472197717 -1.21760839673236 1.00067900416263 0.224305269882426 -1.17271450189626 -0.987578920615738 1.48106574796006 0.251305591157469 -0.612466505429008 -0.800809473945753 0.322855834742386 -0.800863529800838 0.394450906583101 -0.542278665780268 0.17773728679618 -0.531311888177156 -0.478094836928244 -0.188032609938307 -0.29711541531724 -0.241917406059759 0.0137763868343348 1.77786374928073 -0.639121792304862 -0.413563879680644 0.24889855811296 -0.251711054268764 0.124317353695672 
A2 1.02334841571733 -0.0285656347502762 0.919891264583158 -0.991693413379856 0.488380447216402 0.427169319460089 -0.77249213180893 -0.215412877125482 1.52360974863597 0.0846378946275303 0.0288545065639894 1.02882026713589 -0.385623824145461 0.618884373767948 -0.439437918611525 0.501110242508124 0.0379103066952555 -0.24724954779658 0.137297133063941 0.150160371647141 -0.88819431100739 0.887373130486974 0.286443735455222 -0.0883243578900853 -0.0259275510426665 -0.492329293233475 -0.217764762579856 0.174813171983859 0.0528858875570429 -0.245841477540872 
