 F00 F01 F02 F03 F04 F05 F06 F07 F08 F09 F10 F11 F12 F13 F14 F15 F16 F17 F18 F19 F20 F21 F22 F23 F24 F25 F26 F27 F28 F29 
lhe 0.268857288140106 0.7088890914192 -2.79706613287909 0.247813334992308 1.91232559130954 0.585682595454326 -0.000778975358392487 -0.0139690622312749 1.69119996418588 -0.650885111280594 0.0903071183762523 0.0187450904549907 0.624403157339658 0.198336648591493 -0.128488897420437 0.119950734752811 -0.404106832887952 -0.01657329867245 -0.0462665631938485 -0.0503809213016389 0.187630725705891 0.0719489101042174 -0.364609193890364 -0.485942397383893 0.000848381262806384 0.221998918845037 1.25705609972204 -0.286576982970045 0.567271566189705 -0.342232084921965 
rhe 0.37531825778578 0.834804202755876 3.46923027486893 0.595509686298495 2.39588942736664 0.689931050795891 0.274120024413383 0.314334890225331 1.1711442724756 -0.530890158547261 0.299780582440031 0.368688411761383 0.795585943792828 0.413150410746216 0.23965436008724 -0.205693992123178 -0.0285070407254064 1.34820358611943 -0.135436364864779 0.657714199714636 0.834607983381542 0.232276807987579 -0.344417382752436 -0.928442143420901 0.332099357926257 0.366579569928604 0.411203846661293 -0.619338913241624 -0.322196111975879 0.0329726130235244 
LE -1.8168857643136 0.720353190078597 -0.286909865651418 0.3893204702343 1.88145124178372 0.584891739540156 0.0661525971990138 0.062971725389179 3.45246284481675 -0.516067431908661 0.174058365567389 0.0986275153192345 0.691701863330049 0.313366686393323 -0.017686363430144 -0.0684294949442014 -0.0358816987724873 0.59966932397185 -0.071609215105541 0.185988511849556 0.441813309766416 0.143161298161395 -0.14631911257247 -0.625705556616189 0.22235073779678 0.261092633553832 1.12012814148789 -0.394638360546843 0.281191802187769 0.237828521369135 
MiPf 2.81029910054679 0.919713222244455 0.448495985306237 0.793819904399567 0.331723020181324 1.92279054165857 0.341824994390941 0.124873423338149 2.48610274564384 -0.968505843200647 0.532246671071668 0.0334577867025313 1.26559357019187 0.395337087471842 -0.139041747088456 -0.256540547781614 -0.716354631641252 0.0416621670572895 0.127361180397749 0.256930721969485 0.544890319411124 0.559384255066491 -0.1977357167807 -0.69435858893116 0.102103682158986 0.560672932156577 0.734706597689504 -0.870520121071679 1.08227342341405 0.223159176952906 
LLPf 1.93280631449307 0.928161506360317 -0.626625195607714 0.53620194962927 0.10841717887721 1.26756973453301 0.217795516626199 0.0097669765627105 1.43610875934191 -0.963241618188148 0.282641392104293 -0.0330265418743723 1.32986677391054 0.313780069034086 -0.265483449129746 -0.123496645874481 -1.05776612326954 -0.31271565262513 0.248653555494691 -0.0214686338827267 0.0449759162218017 0.376726279283526 -0.167192268573825 -0.486389568094514 -0.10682755682747 0.576407343369114 4.25581282713437 -0.819862920755945 2.3704202445394 -0.342952061707752 
RLPf 2.2104892662919 0.95934290655512 1.51402063347819 0.871412260192267 0.616560221433833 1.60710505676621 0.503925838574786 0.322875422678636 1.25786756394465 -0.911965302963627 0.541489567235385 0.294269486043354 1.03751009260251 0.414968637669384 0.242577771742909 -0.258930897292823 -0.538100823431161 0.376136928747476 0.00715906329068749 0.818776022338754 1.96798669702511 0.760580594688242 -0.412839277971719 -0.768716869501252 0.321959915379869 0.622821620485886 0.5321059609546 -0.913785492196002 -0.588690984946807 5.15881870422946 
LMPf 1.30220197573024 1.03260908305655 0.243969591316795 0.874271997882736 -0.679698260823589 2.20932916372124 0.429526906218136 0.060661110744833 0.374931960373182 -1.14245128200754 0.779238500901394 -0.0870736556442965 2.01027132256125 0.515083265384388 -0.224584033009586 -0.553214783791269 -1.29990582960088 -0.39947391927619 0.657451603279661 0.0456994521853815 0.169763176691262 1.17638737321794 -0.0390114238298652 -0.551336367049132 -0.017187099292566 0.723118171061271 0.687746858168913 -0.982492622322043 2.66848591242245 0.152203198329123 
RMPf 1.32778493423802 1.02947812506423 0.585604449792813 0.975076149955634 -0.584854422592411 2.61358143009448 0.56091980133635 0.174996420491644 0.324838381723339 -1.18521571341198 0.89979135821286 -0.128524502281482 1.55648730459776 0.456811003231341 0.0301408981481684 -0.368559528871097 -1.03378402602348 -0.239986979932202 0.377297722160606 0.339532810692494 0.924299427077422 1.49446747852872 -0.311226123469174 -0.676806343192166 0.143619754041597 0.508443854977491 0.185412720706025 -1.0196400170722 -0.217279352944771 0.736431793315165 
LDFr 0.879943334641332 1.08893901756262 0.00401801106342352 0.573987209059551 -0.901357021604712 0.92783767029754 0.256159337979219 -0.058511013321052 -0.045955637782298 -0.973015031757666 0.537549386624786 -0.126034548392788 1.90377938075923 0.913957204019615 -0.217179700951775 -1.98073173143721 -1.4147427665137 -0.673585182617728 1.29495047893249 -0.213529017490063 -0.138425734231632 0.584720617880255 -0.0576588643231972 -0.242119897066156 -0.264819883414265 3.25408054722565 1.65843495019648 -0.702321699262492 1.84037296011021 -0.114466369488203 
RDFr 0.952404038412598 1.04619335746234 0.793332083008811 1.03876834721935 -0.585075745778378 1.70317310346315 0.747125746932675 0.416023042380303 -0.0984595484480155 -0.986360836692015 0.972142005186104 -0.733028640652956 1.11092739098357 0.44669462224118 1.03947922439261 -0.325705693116059 -0.876737340035449 -0.131527334103553 0.262737447247896 0.937459067624721 3.18466519011502 1.75067941407294 -0.361795885235972 -0.726258968944668 0.468027627761734 0.661755075626611 0.149801467432604 -1.02821692112852 -1.14881694043276 0.8995247877732 
LMFr 0.762563495685555 1.09811945987727 0.296892778605036 1.02023048265296 -1.06399291067386 1.16542093100839 0.552410373524084 0.0498399506507515 -0.288421931224187 -1.1097264659954 1.58024279538677 -0.135710763457013 2.36919383872623 0.804716690505465 -0.0383182813116346 -0.686660136278446 -1.44967076234918 -0.543588971652983 1.77013824878096 0.0233378941738062 -0.00323673689502378 1.91033043065731 0.186576231561748 -0.385387639198996 0.0214154370228015 0.239036721622615 0.0503819301778323 -1.09650113025127 0.433663730596794 0.101104766329874 
RMFr 0.762752498094857 1.07034132145192 0.488740498481723 1.193127399239 -0.943739810579682 1.50091422770435 0.737858807735388 0.209948661406313 -0.322027539936734 -1.14816453533596 2.02939620341086 -0.266731482822805 1.64561536786932 0.524445099544586 0.642356829656546 -0.402314637532184 -1.1939798355618 -0.350939062899774 0.733259487605587 0.41263731360077 0.764470539865487 3.17615774541302 -0.0380210944727207 -0.602687532698959 0.355479534677726 0.363087607010303 -0.131950442664292 -1.07908270045713 -0.698264955436795 0.323468156391627 
LLFr 0.627130332809337 0.878300642803901 -0.505614188084673 0.127668178598284 -0.125667561376356 0.286000166792888 -0.0106434301827923 -0.0769996561542829 0.192139835821407 -0.684993734200767 0.0457141304044651 -0.0288698845405921 0.856750384199427 -0.905283067156756 -0.22497969712472 4.57780064545543 -1.0500920125998 -0.45438913964503 0.278892183370888 -0.284680833450344 -0.30494742941418 -0.043181470480805 -0.503531946989258 -0.077530760535472 -0.0856681199747462 3.37030672111036 1.75686273316068 -0.236384642573036 0.756886422859095 -0.279535067299184 
RLFr 0.787124835160477 0.958601490343873 1.27540385485228 0.842932688050006 0.34910461359842 0.787586187828852 0.670697068769054 0.971167769072211 0.0428103855562916 -0.453473606165159 0.534578121026178 5.22022750428402 0.748497981760054 0.454591349189879 1.00764192234554 -0.167990562210191 -0.446911248375612 1.52979017126273 0.0501350502126089 1.26372436685785 2.49997936902584 0.635423226641667 -0.449333204198586 -1.00544900239979 1.81453044626819 0.713106524050745 0.141773009060071 -0.68626498519364 -0.800346277489219 1.12487515670621 
LMCe 0.533838436918685 1.10432919498606 0.291029054382959 1.22559560310363 -1.08300639821724 0.0630440821864421 0.719067549387065 0.0283449170908826 -0.471896826896526 -0.728797944645788 1.3451777779768 -0.114958003471834 0.309870349571645 1.29284243926689 0.290985578348056 -0.651753024684619 -1.29541725731179 -0.562734070035401 3.09377651590314 0.0385330974039035 -0.118245962165293 0.887050545811872 0.98117121974396 -0.106946150608286 0.0205859252901059 1.03076617893603 -0.00903967800429382 -1.08857596570708 -0.245233185185499 0.0139307082381098 
RMCe 0.533260542775325 1.06546599347355 0.508584373388506 1.58677129290216 -0.947971789772066 0.263180261156234 1.28429923341655 0.460544042186431 -0.466440894449673 -0.598960375357915 1.78714700738304 -0.341030657635493 0.548576569815742 0.512120843620298 2.64449264264615 -0.357653419429773 -0.824980887808674 -0.171829967471219 0.756130841492122 1.22452332538265 0.639145595692215 1.21703836364712 0.179892185462829 -0.585426829028045 1.06108848972176 0.198090753041264 -0.289269334464944 -1.12489532535834 -0.937016065130349 0.182044924642613 
LDCe 0.552665118776433 1.15783318112949 0.0754547093620096 0.401561829695404 -1.02551221980704 0.0729906824802524 0.253157579183533 -0.0738687556003386 -0.305301691987173 -0.683039284849706 0.528628021965737 -0.0929908819144164 0.339054581505088 4.24957034668924 -0.0359402234013936 -1.25189272158456 -1.45343866108984 -0.706515077807246 2.24256540215768 -0.271480766216831 -0.301948766081392 0.377792446173673 0.293268857543861 0.0447792184977106 -0.125215218617671 1.60734251518008 0.506419549074803 0.234652689509321 0.291218718006766 -0.0932924655133788 
RDCe 0.578929197843045 1.03598173283546 0.714975800095337 1.19107424416023 -0.621402606965921 0.457804418297091 1.15647214499068 1.01062005999389 -0.369143800536384 -0.332655673683047 1.07776435844261 -1.04654216573819 0.548874402789523 0.458715486145244 2.76841821678452 -0.308154045665884 -0.708047602046302 0.354268294919644 0.411150198191676 1.8359755276598 1.87796703841513 0.922232569482278 -0.151525773087688 -0.84585901564623 4.01062312684397 0.410663498786287 -0.197226042206509 -1.02165053421596 -0.907075581585236 0.230433696437312 
MiCe 0.566028413200419 1.08609678129842 0.392322139739642 1.64805176202787 -1.09000840540768 0.329091250001062 0.841983239773845 0.144573967839853 -0.486116158642273 -0.958645923033173 2.73040100245252 -0.174232728811247 0.97804649146758 0.665324343864192 0.717710375891993 -0.450990016050348 -1.08780281206937 -0.450257420617015 1.35620126319458 0.324434586193368 0.149314630521667 1.55011042910946 0.345590457223054 -0.419439596700066 0.264605101031423 0.198409727312095 -0.263804061739269 -1.13080671531096 -0.639217822074624 0.102655451122522 
MiPa 0.455721215955605 1.07893679206275 0.40287347573051 1.99779761987969 -1.09811625227595 -0.238238259465439 1.2863203572989 0.165721066342217 -0.528502573605826 -0.592795472664473 1.48172824786414 -0.149760646267683 0.167620492988344 0.641473552240577 0.98770124209447 -0.403029109054458 -0.843025238367497 -0.425462499150266 1.15576083563228 0.471971870045836 0.0285927061905418 0.873765726616757 0.867113567213113 -0.304771864731671 0.310909261379135 0.155435551424382 -0.373745065152669 -1.17797673102704 -0.836930591421206 0.0417474463618274 
LLTe 0.287249558084542 0.96034981579401 0.0777257822321349 -0.0455903430981324 -0.7150113235093 -0.137257859222962 0.11683307881805 -0.0447190642997647 -0.320291258988488 0.132894033144975 0.056012326705344 -0.0548139428157629 -0.52756757380942 -0.816448745530999 -0.0757668404296805 -0.188349017550705 -0.85632134341643 -0.385896020381682 0.541020047213157 -0.176606217546173 -0.241321868572105 0.0873667111798902 0.476730051934199 0.735870941434753 -0.0872111400687866 -0.185561496661192 -0.192319120084007 1.57393253508246 0.0170291764754218 -0.0684756767177985 
RLTe 0.349162382185008 0.951974423276662 0.785705279889365 0.896858445843495 -0.202809246278605 0.210870480993021 1.05084631213943 5.0698551133116 -0.370472320359409 0.825274571470449 0.541164576590983 0.506954420328713 0.277546676448994 0.403376766208164 1.36281293467193 -0.25725318936771 -0.0620190288347598 2.20674260162345 0.090110000926245 2.24172270646227 1.15269947678097 0.34925631920361 -0.182044367691727 -1.45947537525035 1.9483610497199 0.435645500770397 -0.21934609618681 -0.651027722212 -0.864619141358216 0.195399045721873 
LDPa 0.410260654577966 1.14401261413949 0.256258875915926 0.635138088140475 -1.11349332503834 -0.199153847578104 0.630269798138626 -0.000621510966995755 -0.492193385925068 -0.152583448740599 0.532135837505264 -0.0883482846500698 -0.558595278217391 1.54223595947767 0.175539358374169 -0.533581298238983 -1.33902103557941 -0.594146206393929 1.79537827793206 -0.0184681877877882 -0.278899223258035 0.400023791794528 1.62069147022595 0.439968311656746 -0.0561724797851313 0.325081629022101 -0.296487795002831 -1.87974706994606 -0.27273968054655 -0.0567290815047321 
RDPa 0.411152983559992 1.04553059525341 0.564354617329196 1.35063604315694 -0.830151488202222 0.0270304678781124 1.79377546661468 0.895746909277599 -0.489321609156067 0.311907490145786 0.982994227126569 -0.26225609963684 0.138624222956434 0.442242914454721 2.20319477323124 -0.334075506778772 -0.351432884021263 0.108729016294426 0.423539010266987 3.04306881259407 0.567266641813065 0.552177886040927 0.198949414225567 -0.942080806661029 1.84207139436696 0.196514165784132 -0.342914078718034 -1.16755723619713 -0.959790816206163 0.105697860687026 
LLOc 0.206669996313787 1.02350486335828 0.363468889182006 0.523927443168467 -0.882853055817446 -0.268651483114375 0.813542724265092 0.0581181706801835 -0.600491572211702 2.05291394746576 0.326105867371287 -0.0393120432442414 -0.597074697961815 0.441633770688682 0.221946962202597 -0.338517037121196 0.407445380914148 -0.292850292407038 0.485831187495982 0.168889018468412 -0.0338855494620611 0.329783237075659 2.63171363498516 3.11943956414657 0.0207117728703612 -0.164183488095458 -0.485745535842955 -1.33838072268437 -0.692750985168838 -0.0174852022595059 
RLOc 0.211282241640202 0.992219349473029 0.564648496751967 1.07172532454162 -0.681886028535028 -0.154240345834474 1.86523343768172 0.414954111859191 -0.51747125696211 3.04109999501736 0.595386622899866 -0.0182383567373141 0.051073523631371 0.391492028405759 1.14164259944147 -0.30385530814598 0.941874587733194 -0.0418306798728169 0.233225184250783 1.76146111628813 0.458870733072602 0.405253943179905 0.536755054367352 -2.4210991626513 0.694139450026894 0.28084409760404 -0.331125608954511 -0.966769406877466 -0.928915942863408 0.0108783102089333 
LMOc 0.349340685236855 1.05425683853839 0.374457410036603 1.25703675816161 -1.02279683372878 -0.376067873793294 1.62886645996196 0.0822733789592859 -0.561867549003855 0.176805877022787 0.703217447838951 -0.0886104294683011 -0.33959520991883 0.687528015126009 0.528087557897219 -0.389378021568139 -0.610726929288957 -0.415587339060759 0.984484203386548 0.261753634847007 -0.0669513496976067 0.364195121142713 2.93462863588998 0.30571191388171 0.111774385432299 0.392964849354016 -0.351440616085761 -1.24572368568345 -0.871863767441133 -0.008963413006897 
RMOc 0.343661848822644 1.0357222428289 0.466416078255151 1.49159098311771 -0.954342402946165 -0.353301962492653 2.45042103740974 0.322080069567013 -0.531129227557466 0.304891562831141 0.896780305486804 -0.123976190328044 -0.0644339127292825 0.480976967786117 1.26141317308888 -0.340976508619317 0.0645081727577362 -0.235221138874929 0.531377442644655 1.10970498142509 0.167415926363308 0.432011582338035 1.12307675973548 -0.695758176895653 0.582741728355543 0.270792075590304 -0.389113830316503 -1.08949384162679 -0.894472988076832 0.038839031668098 
MiOc 0.14407720691889 0.990975411284041 0.440290095484312 0.725682466822854 -0.82861247971049 -0.464762937446098 1.80323859328511 0.0556108832166999 -0.628083386711707 0.984487581829471 0.403935258689301 -0.0480918223155475 -0.11460319174949 0.402221581896647 0.584037732568777 -0.2997672418337 2.53875949881439 -0.284015061513335 0.244283354686996 0.329082320329029 0.0386331657538583 0.225438801467404 2.6019061412655 -0.879933690013263 0.11988183169895 0.162944252527492 -0.387901281945122 -0.993224138034513 -0.706196943461237 0.0169625749355058 
A2 0.1471953293517 0.815308518405919 0.862996116699978 0.587048700268187 0.411231856055372 0.174474397828676 0.604186877815216 0.696850853738721 -0.111128964362869 0.602856289229265 0.312672502241907 0.443275721842617 0.371567631922274 0.36409169833002 0.756485498765573 -0.240949020533706 0.398875457850504 4.09800029123795 -0.0524618131848045 1.33141018570679 0.913033253883851 0.234072559318785 -0.0772744221891239 -1.51206358141382 0.731702219686804 0.45026614925293 -0.0659905753575513 -0.447233913082892 -0.70338546345236 0.177028611685796 
