 lhe rhe LE MiPf LLPf RLPf LMPf RMPf LDFr RDFr LMFr RMFr LLFr RLFr LMCe RMCe LDCe RDCe MiCe MiPa LLTe RLTe LDPa RDPa LLOc RLOc LMOc RMOc MiOc A2 
F00 -0.153501993134875 -0.0461097774013958 0.310299833828272 -0.163382451972813 -0.0606476835631972 -0.0088322851538881 0.106662316115262 0.0398045314462321 0.00964298540658492 0.00676420506400473 -0.0295284843821492 -0.0317545643272891 0.0352944761531416 0.0123253871259795 -0.00483096597750413 -0.0198097117391382 -0.0100051733500252 0.0174272489944206 0.0277537965795206 -0.00357480691826194 0.0259664944775542 -0.0122666024389996 0.00602290314125451 0.00844485366758916 -0.00816658940141928 -0.0010959605676763 0.0114185151082207 -0.00999789705594942 0.00267840391881787 0.00319976106629655 
F01 -0.0504194945273627 0.00612384580307831 0.0192965316766479 -0.269468853424905 0.0667724705664235 0.0278619630893418 0.804990016996853 -0.386742007651973 -0.241648368967288 0.18136246852998 0.891208136699417 -0.647967039000625 -0.0514229917961317 -0.00125741818056459 -0.197677334831728 0.236511516038374 -0.0627894688989576 -0.0432733160132266 -0.211747717856667 0.0697715208259154 -0.0261058910415865 -0.000532865608015385 -0.0413064500722628 0.0298018745681586 -0.0171723843188934 0.0299605018000248 0.141861289426913 -0.179190867258846 -0.00521215800280407 -0.00540689605897862 
F02 -0.00850211484677374 -0.0748029136863561 0.0539474121729728 -0.259419976661868 0.088383193128178 0.0134912547328582 -0.638077582312487 1.61888706942907 0.0917013687289638 -0.286910835540934 -0.430157502175123 -0.27127439232137 -0.0153180623486564 -0.0221478107090491 0.133768760619996 0.0705627809633516 -0.00387624804112777 0.0573508295837236 0.0594960805941447 -0.0525976705972256 -0.0314633129955472 -0.0388675728886421 0.0429993421773322 -0.0299489580014825 -0.0273582680927922 0.043101793578945 0.0947370859727562 -0.0747141991572069 -0.0282725688990501 0.00262889319434009 
F03 0.00746132452569878 -0.00109835778548808 0.00899462034545506 -0.0486994284314631 0.0286419300504118 -0.00292314134986327 0.02301324124202 0.277870181506716 0.00678216227809209 0.0262765647191948 -0.206068475939252 -0.904917684681367 -0.0208340157841592 -0.00367311369921694 -0.20438503470902 -0.124881142248842 -0.00214788752778621 0.126645317417572 1.407224192039 -0.574949876193035 -0.0345994394251741 -0.0467614303247562 0.0731117703195102 0.122353764801401 -0.00251203535752026 0.0147393757849344 0.217411002553004 -0.0113400535296779 -0.0629905222345438 -0.00471191796573519 
F04 0.00501356161472762 0.00497519027383304 -0.00139646968144468 0.00101266024587599 -0.00223415952856174 -0.00165316709959325 0.0311376177113272 -0.04583360017414 0.0142096850597797 -0.027519559630623 0.0153578344560895 0.163456019820851 -0.00213117234019784 -0.0020587177353545 -0.255282612531095 -0.31940626196872 0.0334682674953341 0.107064908686666 -0.309141894528844 0.965015093403446 0.00611821382491488 -0.0277971333150458 -0.0172021926867246 -0.00662406862502508 0.0246158545260563 0.0375993876565187 -0.14887367453955 -0.195187066701095 -0.0253512369759621 -0.000376627234094489 
F05 0.0588208938823565 0.215490435884907 0.155088652467477 0.112964713307208 0.0929360101718092 -0.00558410997355391 -0.179086200814738 -0.0939992584900777 -0.0114721819829578 -0.0459714134983084 0.0890029545672439 0.106219184429843 -0.0406319464731802 -0.0503598656102228 -0.00612109429053558 0.0737072950116079 -0.0124076758958394 -0.0436739140684825 -0.127582809872314 0.0189352000093035 -0.029424551559817 -0.0485882221892424 0.061592186222253 0.0288986614945328 0.0598772749313854 0.0159286126914505 -0.00468286897778887 -0.0277449229988237 -0.0331966672660597 -0.00871952627835026 
F06 -0.0154578989447942 -0.0549242887028714 0.00161479221615608 0.00318780769684211 0.000330575118260392 0.00408218027332778 -0.00560410146311416 0.0167731989090253 0.00207067910000263 0.000593864704920998 -0.00128016023066844 -0.0126734037872527 0.0143756251218984 -0.00212188280135883 -0.0338282299757981 -0.0659689341865011 0.00282659608773839 0.0654581424386367 0.0393108388629378 -0.00268927732753185 0.0244676171855938 -0.201325819349629 0.0233492859660778 0.0574904116503985 -0.00583973570566511 0.00554662921504435 0.0152592985493628 -3.15037232923115e-05 -0.0273263723017639 0.242100490776626 
F07 -0.000494573750770423 0.00517998710005094 0.0067991870474799 -0.026898470973755 0.0428224274611723 -0.00418276553282885 -0.0225759468258055 0.0434632496976884 -0.0156728559722453 -0.00670122264306109 0.0525033073537282 -0.0748979516379753 -0.0127567736357196 0.000895173544764957 0.0467626493034065 0.0534179674894282 -0.0248221377977355 0.0464720938482223 0.0937816632013214 -0.547312834777834 -0.0219112270785792 0.039226007940166 0.114176494512527 -0.390603489370662 0.0358919835969437 -0.118709147709951 -0.248440563772392 1.13625295871992 -0.137042426354813 -0.00625031027728214 
F08 0.046039620373326 0.0395023272733076 -0.0279924933985686 0.201885014049295 -0.0407135188419526 -0.0160365458293541 -0.0987099825680747 -0.754956129575427 0.014390433705076 -0.131732528187544 -0.0844887625834913 1.45509603654099 -0.00501571666495889 0.0127731103489179 0.0791335307162457 -0.536214910046615 0.000333603544501576 0.0748279462457343 -0.300202154005387 0.0473808360868296 -0.0033624179489918 -0.0725323879957172 -0.0422222918667029 0.153155791666586 0.00172698199688919 0.00588872893879082 0.050130638192602 -0.014973992218847 -0.0263482171884669 0.00315317585827779 
F09 0.333023866997134 -0.14896944414174 -0.0692075807321601 -0.0189955296351179 -0.0869385525121389 0.00458154812050951 0.0411044672121754 -0.00850748284955621 -0.026559432142097 0.0176297944557349 0.000319058782904323 -0.0133866277020614 -0.0694407673648336 0.0481071825202494 0.00567469127081826 -0.00996785310032905 0.00968164431243002 -0.00388794067988914 0.00870560462246406 0.00560027213926462 -0.0195525037677619 0.0364824611926187 0.00350380734574803 -0.0148507668021706 0.0104992900010253 -0.00643459617556632 -0.0148626319832084 0.00862218126686992 0.00403595552326382 0.00230626919110691 
F10 0.0190011434419635 -0.0476344150797728 0.00320446512113779 -0.0025750610173969 0.0185058544212435 -0.00571167938948098 -0.00973470116075472 -0.0923689799183284 -0.0176602906665183 0.0407443296396016 0.0585105371410911 0.0492350720911578 -0.0245065566950486 0.0184178810542789 0.0209162998971368 0.168363344279788 -0.0268430120968658 -0.150562336013187 -0.0908493067208503 -0.0371745801667951 -0.032494270632317 0.675198594992023 0.0272033348318313 -0.387726232071774 0.0189438868752902 -0.0838018014016639 0.00455697742748897 0.144365852466416 -0.0385337812898676 -0.113799219012273 
F11 -0.0132483237045074 0.00566888122451382 -0.0045398782972217 -0.0173565298343823 0.0253288930087683 -0.00079909120240596 0.0240829473709132 -0.0423017355125441 -0.00234545051617482 -0.00304163744747678 0.000826380289607939 0.0758504238936713 -0.00289324879431648 0.00513251907634681 -0.037821061932684 -0.00802312530269722 0.00177629464539998 0.0383181583101299 -0.0744706705004652 0.100509424527313 -0.00382334301760789 -0.100844926706043 0.0130843136771357 -0.0590496065834265 0.0080483189627329 0.308679251819769 0.0556248969874171 -0.166688222628281 -0.110672594749092 0.00434101937600053 
F12 0.00573819484217037 0.00825806499399283 -0.00155678125450951 0.0174177255064875 -0.00900578191855238 0.0020965130662089 0.0200765119396644 -0.0802004146470063 0.00235372049966548 0.051719621733844 -0.035979404846038 0.09141430501802 0.00273400865414471 -0.00840656247356979 -0.00681180453415266 -0.311413909315184 0.0171841970622131 -0.170621904056423 0.0439560650947755 0.0268732540424249 0.0215001891969929 -0.115050518831238 -0.10301953337295 0.805272765906392 -0.0179053800314574 -0.0966376950954961 0.113683296522089 -0.298719046675943 0.023494929771852 0.00369955930023551 
F13 0.0183136349036592 0.00154581285657546 -0.00811252191722599 0.0205143339653679 -0.00392260022002288 0.00183728294011692 -0.106307130334205 0.0478405051216206 -0.044727687750777 -0.00174006604090187 -0.000688543084358871 -0.016151970247716 -0.00282850300460467 0.000274761226711358 0.855761726802864 -0.012471038282309 -0.104907672144791 0.0228005282543996 -0.290644921346065 -0.0887539775107947 0.00315227141851588 0.000730874901443256 -0.23678513989104 -0.0067603487291522 0.0457678417234849 0.00650940286065707 -0.0714919643988007 -0.00157581059087936 -0.00742021619406537 -0.00134878711269755 
F14 0.0122377601207389 -0.00270454303532561 -0.00933778953210165 -0.00920320391786981 0.00580244289079309 -0.001211880869227 0.0125775496727473 -0.0177070022220151 -0.000270608724025288 0.0137057129774001 0.0053466732976338 0.0350062978912594 0.000650625937912525 -0.0010472212303134 -0.0397429348971581 -0.0300816465634761 -0.0182331520695087 -0.0344283061752625 -0.0917535451274214 0.237112488770348 -0.00508990628433054 -0.0236616943088559 0.111623849309368 0.140129403603757 -0.145157828469824 -0.0442876582493105 -0.102748055525701 -0.36962665357873 0.478906842757286 0.0163368283909191 
F15 -0.00540435868061578 0.0156112588435833 0.0291532321796482 0.0555649699995681 -0.0665042523422293 -0.00111188921472258 -0.0832436435982505 0.0104126465014204 0.0409099595761449 -0.0025944729991579 -0.0178241365214909 0.0103643420833188 0.147135729317907 -0.0146613838004373 0.0375935482887304 0.0549489254291064 0.0326170954459992 -0.0421242323344623 -0.0396619507069293 0.0161871191210476 0.433529621831039 0.0321714674969504 -0.263122433442331 0.004073091175593 -0.011391461109072 0.0121033502987817 0.0814149840429548 -0.043629565162483 0.0233011813333924 -0.00641203714237345 
F16 -0.0086179028001389 0.00710799583211911 0.00214585548199803 0.0136643087451499 0.0157841014763547 -0.00514129250856055 0.00713869962571558 -0.0972106599568188 -0.00188842011577632 0.00759996935849408 0.109879445769413 -0.0644721896294431 -0.00374141251674852 0.000850501631955468 -0.0751415985187962 1.14071995485546 -0.00112947104888736 -0.295656930908413 -0.449807808942141 -0.122295610486866 -0.010760757829998 0.0703000349673192 0.0716169302859177 -0.284698876414701 -0.0185447181824261 0.0378923078314518 0.076753672234625 -0.097681851241885 -0.00595290682702507 -0.00387428010197426 
F17 0.00738526305162348 0.00758666681441691 -0.0106206089784519 -0.00132124302505459 -0.000949447077811424 -0.00258510146179266 -0.00308821110744331 -0.00144228207407111 0.00703281532462424 -0.00588621379916353 -0.000393872483584817 0.00710983204697916 -0.00139352385525497 -0.00161428971218423 -0.09210604463944 0.0497433853879297 0.0323927749464622 -0.0157921243131121 0.0622657663988074 -0.172253019339144 0.0148979145832302 0.00259181080444676 -0.221653565228741 0.100053340384755 -0.0871194866167897 0.0630215301996794 0.831868999107415 -0.509123092825517 -0.0625254711976816 -0.00167406047098141 
F18 -0.00247180183381348 0.00298505157775848 0.00391585794691301 -0.0311714203824175 0.0250078856528861 -0.000177707482541958 0.0352355563601698 0.00335441261462394 -0.0143823105353802 -0.00141261629531587 0.0113006240080357 0.0115592878570353 -0.0075990719542954 0.00119998186040252 0.0312392643789484 -0.0846621642891358 -0.0155813452523763 0.0373048368554971 -0.00740206951386002 0.0899430743421324 -0.0360511041640646 -0.0100079780572068 0.0311344161283492 -0.0338033640107133 0.327218974389885 -0.0434224059919247 -0.417389099776682 0.235225841222837 -0.0539158910603975 0.00281111911796787 
F19 0.00846873624681499 -0.0560526427889464 0.00527474995443008 0.0304782327157493 -0.023507104605789 0.0121658018546935 0.107764839862226 -0.413032980715206 -0.0157794211091437 0.496857452739433 0.0501582705373015 -0.0897428439974964 0.00163157246512837 0.022874183527093 -0.041186882160885 -0.178605472585924 -0.00359246308898459 -0.00597910483496372 0.0918144204036191 0.024464512012776 -0.0035002466409401 -0.119870443916619 0.0182628146234902 0.0491071474830491 0.00320003796455799 0.0150693261563248 -0.0126872046333122 0.00950476615164557 0.000455290469186271 0.012851939065587 
F20 -0.0602172262158057 -0.0280835782773247 0.0038333966838608 0.0259552936000398 -0.0352701492720643 0.00325057111350548 -0.020802863470407 -0.0164218718958786 0.0113204006754839 0.0215370736035872 -0.0195965223441592 0.00590622646625089 0.196636138729324 -0.0158829742974836 -0.0739390984099378 0.0106053567366587 0.0635490401084114 -0.0279384782711656 0.00854847425639613 0.0128294923630535 -0.236562947910387 0.0400326782370527 0.0502829586263214 0.00358555348197767 0.0366095965249635 -0.00807177829468871 -0.0106949009351807 -0.00201709271937433 -0.0101517950312344 -0.00338486084373629 
F21 -0.0067024182569786 -0.00205535560881555 0.00606144805849216 0.00671573038099119 0.00633480739352791 -0.000847370821531732 0.020760762037017 -0.0625603408564753 0.0102613271414274 0.0207163911367131 0.0303245754918799 0.0106173309684229 -0.00453805322055562 0.00214663423305901 -0.310758495131726 0.000368393870027809 -0.0423473635136118 -0.00167804083010979 0.0710451298533549 0.0144456388667366 -0.0627568293044307 0.00351424709360206 0.526719434981075 -0.0462901779486996 -0.0868989691193261 -0.00682344046548321 -0.190387512812042 0.0794828877769892 0.0232066435323501 0.000390225627809482 
F22 -0.00152080169017977 -0.00933202746026076 0.00231272300448928 -0.00465069443726868 0.00452652428278882 -0.00435430725427231 -0.0149435313458215 0.0864218430994786 0.00108372265290362 -0.194205357466542 -0.0183364740291281 0.0431704409744339 -0.00142484330295188 0.0104175912839462 -0.0216065036648518 -0.294298440563327 0.00028102775843812 0.496127443519238 0.0474161043108461 0.084464800204471 -0.00214572325881596 -0.117231783296164 0.00325134111713695 -0.168549706841683 0.00985044814181632 0.030576418164328 -0.0255641079005334 0.0597664603294529 -0.00730179652826399 0.00732195534786751 
F23 0.0184091920158001 -0.00493230106563774 -0.0062393283721339 0.0466661723457153 -0.0590743312104128 0.00212597057527903 -0.155617148326695 0.0446155173005629 0.296266956743675 -0.044748118514864 -0.119761728670673 0.0718701379067377 -0.062857840408762 0.00765458745055385 0.0132754954428924 -0.018294201134102 -0.0656722693081188 0.00895411230872985 0.00798041942587469 -0.00130534259173044 -0.0102783068311715 0.00319762476012466 0.0260949599340758 0.00172842623794813 -0.00267595118364706 -0.00194278965213354 -0.0109710707839533 0.0031598228476636 0.00150220581565405 -0.000812322025330674 
F24 0.161207852674907 0.161222628845305 -0.158967680190301 -0.143083332664868 -0.0110871251690655 0.00098483370123645 0.0838110472373345 0.0256591355433364 -0.00491645686395521 -0.0213223402209138 -0.0316291743623353 -0.0053536831505112 -0.0195046994919558 -0.0177797840274234 -0.00295373929492755 0.00920295725571006 0.00433500766094649 -0.00539583837414976 0.01389018913917 -0.0115450943504352 -0.00761789326114065 -0.0342281920694384 0.0132579867349815 0.0174274799639841 0.000550262619370303 0.00611978825177938 -0.00253913711287439 -0.000177330329977229 -0.00160787361066087 -0.00329665868750614 
F25 -0.181236800272234 -0.00279625969805875 0.0620583079144539 -0.147654196622905 0.301383225293515 -0.0163076277854036 -0.139344565881754 0.101031440123914 0.0121404713539618 -0.00386821059539654 -0.00745012549502533 0.0176232102786187 -0.0093541427903935 0.00360966483153604 0.0263427850985751 -0.0279620243445219 -0.00506296176220789 0.00643045530984971 0.000672502068261396 0.0111835838065816 0.00763621617864581 0.00236162390075653 -0.0415371742710808 0.00755094894417515 0.00527320702265374 -0.002689136716573 0.00434665530350837 -0.0063513392553221 0.00175469240739893 0.000986765251561047 
F26 0.00434214164308665 0.00207556982331752 0.00240901994541865 -0.013497537958127 0.0177686629425018 0.00214842554273337 0.0421064562376107 -0.0154167442262631 -0.0709649174106739 0.0129519642711755 0.005664666972244 -0.00174523681594408 -0.0958313627126096 -0.00132683219386148 -0.158956663376952 -0.00237447929654567 0.284577649265761 -0.0223248220433379 0.0141114944716611 0.0465172790662871 -0.0421995858393749 -0.000620076781819196 -0.0551246751616834 0.0214846845726593 0.00466393070800219 0.00172693169167683 0.035521332673756 -0.030060643645018 -0.00406906746531101 0.000359101913036817 
F27 -0.0128582401861188 -0.0770471129463509 0.0365834952200438 -0.0921863010764136 0.00556095106162558 0.17256549801844 0.0526992777433225 -0.0399381782585478 -0.00821378840582193 -0.082208438822997 -0.00616981280811721 0.0377394947781291 0.00295624740448959 -0.00994263267019516 -0.0114052670746602 -0.000837101408800879 0.000162713577905118 0.0179636897706353 0.000156420713595439 -0.00241983881098113 -0.000725360595533894 0.0146143342399006 0.0122197678912988 -0.012454909119218 -0.00457306671600212 -0.00154798452321837 4.75071999504886e-05 0.00402909748911535 0.00121621558639572 0.00146485353591274 
F28 -0.0317328100039887 -0.0732572304076604 0.0256141436929613 0.00158117329370135 0.0168214476545035 -0.0108221421389221 -0.0181656747448897 0.0469738096622801 0.00282471671564325 -0.095250564603324 -0.00269881984155357 0.0134072586609334 -0.00742380064110139 0.21413919288247 0.0101778241449242 0.0718701405070783 -0.00705879196834618 -0.0846948005706252 -0.0301120812931361 -0.0095794091602391 -0.0025006573845657 -0.0951615474951208 -0.000185235826870205 0.0482329638480997 0.00366056319571734 0.0170546209659577 0.00604368861271483 -0.0249000889953024 -0.00267953395632906 0.0061828158867773 
F29 0.00994261571640162 -0.00376875292702227 -0.00165588169920722 0.0428826532043891 0.00425550429540722 -0.00398148413395885 -0.316741092231216 0.191802251158133 -0.0230987618947058 -0.00822112033498038 0.370413950141626 -0.230464709911238 0.00445054292797907 -0.00227916878903147 -0.128727458119648 0.054492494010921 -0.0058170786728554 0.0161256250254488 -0.00116671332751779 0.0123081254696512 -0.000792179459893377 0.00100768636785403 0.0366146729479298 -0.0227255297874036 -0.00393088455206272 0.00242922795275587 0.00119230258177565 -0.000148685609260625 -6.01307455302732e-05 0.000492489320342499 
