 F00 F01 F02 F03 F04 F05 F06 F07 F08 F09 F10 F11 F12 F13 F14 F15 F16 F17 F18 F19 F20 F21 F22 F23 F24 F25 F26 F27 F28 F29 
lhe -0.462496116380707 0.576605795048025 0.43018294666547 0.219651340975463 -0.022652792863074 1.90128897032148 0.0886786004681285 -0.0253026761150725 0.207793018241438 2.83375072284659 -0.0119214744525444 -0.228555704000701 -0.139755483456489 -0.131067744592401 -0.0315704060125618 0.879643142805382 -0.102222350574734 -0.537531658423851 -0.660409191740869 0.212313841408965 1.06012168149455 -0.098078016238498 0.206160821751794 0.335879969930686 0.246532716250965 0.406516208369257 -0.201374301877094 -0.167348283667078 -0.0320876056815596 -0.944751501643252 
rhe -0.26787322508802 0.417000907548253 0.633760670378444 0.326844492115468 0.0136201228402771 2.15393467651047 0.596680749579865 -0.00651487036837498 0.252792723730001 -2.49684891335384 1.1971618311383 -0.08642008267352 0.272951552374694 -0.200922037733188 0.257956429679359 0.211889338300904 0.043720380988698 -0.784174895557614 -0.609039976019085 1.05098098906712 0.0864708124109335 -0.831681517690274 0.78269353275575 0.163667204831557 2.58970364719606 -1.5282776107504 0.194631826837866 -0.111946922105999 1.1607147758217 -0.497658947002353 
LE 1.54509778759156 0.441631745047385 0.414479531166563 0.218398743637331 -0.0492696195282076 2.2895073365019 0.138663464107653 -0.0208387561029285 0.162846536014795 0.972300838795412 0.21722893841459 -0.138882171269997 -0.0812989724896946 -0.234080940092488 0.0505817202765275 0.319976841074952 -0.0953045003712475 -0.647192712837426 -0.663848444547887 0.299449772278812 0.433983931910106 -0.490987028575739 0.189864415150838 0.208483388185745 -1.20522547632309 -0.131827530825965 0.0563410207974498 -0.00766652435486719 0.156418013915319 -0.830730266050105 
MiPf -2.97208824676316 1.24972243120646 1.16699614947581 0.556977997941709 0.102541073883205 2.05952331777444 0.239938255167128 0.0817948685666064 0.569499807826688 -0.732199147697201 0.354316845028602 -0.284370316651227 -0.0378801247078418 -0.170394029501334 0.186553064949678 0.75421107078833 -0.0160409850881156 -0.796997931911702 -0.52737906527626 0.57246242424013 0.534644634603711 -0.283004153196288 0.381399838422835 0.506828838932724 -3.47868381927713 -1.77415656225114 0.214850964879376 -0.504841765491292 0.59196373153743 -2.14715653918425 
LLPf -2.36326674823165 1.24571533764389 0.747972862946976 0.453873317788266 0.069200490175245 1.91752560118007 0.136074187591874 0.101261965106909 0.383748781367362 1.1563027277965 0.063215600472429 -0.266930343081255 -0.129851603079297 -0.0323372635082177 0.0748095721545168 1.07772509775183 -0.0294432651121224 -0.576074061892573 -0.532952715926012 0.278569859490828 1.1072638659288 0.328917340295324 0.304479076319831 0.520030389473195 -1.56833586160614 2.57476574173789 0.124039990347543 -0.128408301057197 0.279468404701985 -2.30930345365352 
RLPf -2.17965350336009 0.914510236708688 1.42687406977224 0.519842505776965 0.137757539429891 1.86316623903243 0.40183156775728 0.0791261739253075 0.57962601574059 -1.93519750628714 0.966652947783448 -0.213456760346535 0.294557225593482 -0.0814064116763464 0.273664485725525 0.572655355444126 0.267150729613991 -0.89157483080708 -0.474605629206468 2.10393827659927 0.306794008339196 -0.769478232049437 0.57174339761599 0.529910074721052 -0.19331710453291 -1.92534196751933 0.295120753274611 5.33507881297951 1.11512840553275 -0.891843699974682 
LMPf -1.4244688433809 2.05422066262988 1.44684084757384 0.781803066724113 0.322094979484425 0.890123178367319 0.22374851260808 0.2394998815375 1.09763403023833 -0.348808626918372 0.299462146159417 -0.321413453069422 -0.115348946462323 0.124869866577982 0.256951499235704 1.01114019851209 0.210762329836685 -0.725211231805142 -0.16850337851912 0.408418171076162 0.836230304037152 0.116497591495755 0.169541983535416 0.99872250850633 -1.35145805304266 -1.00359981085782 0.536281048296849 -0.538467995804104 0.351884751367468 -2.86083515007495 
RMPf -1.31263094597123 1.67814684746749 2.10231027520027 0.803085285091905 0.348596006943366 0.812772868841256 0.295279980472457 0.235187435559516 1.35325661374823 -0.772453733062426 0.595393488527686 -0.306206079690953 0.0746377156928123 0.0257201914972251 0.336293116247784 0.83479981468508 0.431947737983736 -0.877504800832781 -0.163484647688892 1.02340719353904 0.584265885805547 -0.28791555271278 0.227236910948455 0.627848609667335 -0.995316801459287 -1.27667228112256 0.436919667639354 -0.501516543424004 0.423576125729627 -1.35409422687637 
LDFr -0.893167627105444 1.69889637825986 0.890305747306602 0.708649049815621 0.342726880036893 0.647487823361326 0.155984499472747 0.279757017501661 0.87830152106568 0.167860840172262 0.0749032908133521 -0.289096377571824 -0.14714697128062 0.669915621250896 0.17967074298889 1.63919120275485 0.227138145726294 -0.423944512868086 -0.15028134921607 0.428385502437839 1.80800759420592 0.634039339918991 0.111534903579343 4.45196749089718 -0.419890114231289 0.458633974694669 1.20889848584344 -0.367680967160921 0.185835521204807 -1.36970558478833 
RDFr -0.857766869166261 1.22248057687283 1.86874831492412 0.840869049021045 0.401355714952985 0.677625547982059 0.439040545863395 0.307954542344465 1.30081022726767 -1.00341555264011 1.20508969168073 -0.116063120172406 0.658366325781459 0.183864465269666 0.432572122622681 0.717509521410095 1.14096878851333 -0.883621732603996 -0.192330684116415 3.18545992759579 0.465651477260284 -0.440316322373874 0.897466370953566 0.532047650738062 -0.135044741545425 -0.989696872606564 0.45357951868709 -0.474513779114731 0.156628268590615 -0.926122731789499 
LMFr -0.717319828682522 1.95872145040104 1.27398719236287 1.25906316310023 0.748930103407689 0.324064739683481 0.218631305549931 0.436591792682125 1.87242089216864 -0.357579934459806 0.318176987356964 -0.308280148361897 -0.078546408913852 0.994619935098014 0.427560909155994 1.11718449771384 0.635707757566784 -0.589371593828682 -0.0102619595167681 0.48376713931592 0.926311715734459 0.347637553975204 -0.112834566921656 1.3513330789811 -0.547980837614649 -0.542861329518552 0.954997070803875 -0.308341291607741 0.236984860252502 0.481098427677395 
RMFr -0.684703993268188 1.51173864310452 1.77100151465895 1.36885301778436 0.807174577633652 0.305768441928533 0.307497030750151 0.41729842315167 2.36029762086687 -0.652344400908297 0.66804987957711 -0.253748102332057 0.214631274465653 0.400038023838569 0.519667221243853 0.834725589508411 1.24954782222345 -0.864631328260908 -0.0494590867155383 1.10041149287136 0.576544852335275 -0.215132467817402 0.255082371840572 0.62220178236274 -0.40343100854366 -0.801407506082234 0.528230862436089 -0.26812571526146 0.2010040028636 -0.86924676618207 
LLFr -0.520623850337557 0.67904525189398 0.430654354855828 0.305476704414669 0.119060668770538 0.663940772312099 0.0871301926131345 0.0524747637364359 0.377366045103013 0.658292896579539 -0.105224261604475 -0.277765596059987 -0.126043304507867 0.359839624213437 -0.0522016374974056 2.25668765034908 -0.0118746113838907 -0.317566254472867 -0.420397089070233 0.185292843090158 3.76688519907133 0.7638132299067 0.342923885783835 -0.220594763733216 0.372326398346398 0.619613535335437 -0.757709340034535 -0.116208973086873 0.480352996281393 -0.845567844366443 
RLFr -0.602982124289633 0.643318319493972 0.967206350577542 0.590029565944075 0.175294184475761 1.08007909567058 0.777197432943024 0.184500486195218 0.553325583135108 -1.37639120306243 2.11319195571741 0.0264317466591703 0.939008066842088 0.082826840871005 0.421851113300151 0.631061193781262 0.581680994653637 -0.822419756005847 -0.450991816742293 2.15062101539099 0.477700986442138 -0.506572709113535 2.03433544937395 0.353078173227865 1.44522315949104 -1.22714836025183 0.413708604962334 0.040329178120051 5.08928477098355 -0.564634599710721 
LMCe -0.379319292650151 1.04152028410135 0.883455628754781 1.48993824085989 1.44071875702923 0.0562702937329956 0.194819799620125 0.892000386201681 1.30472286970347 -0.342523945325195 0.290283650360429 -0.107574564737067 0.269351114967037 2.70724317753677 0.699997985870602 1.09959377923408 0.963961327432548 0.316418622692322 0.305773554156135 0.357122760328268 0.775231598591382 1.4313861433354 -0.0675190399908708 0.928648412402274 -0.281520789816265 -0.388725955616002 1.31772027923702 -0.148534314811816 0.181324880319169 -0.729742406296864 
RMCe -0.400059517621058 0.95466099375327 1.19409068278337 1.71877141508661 1.41701974963028 0.128371324012 0.376063451321672 0.96759701346218 1.49132675367276 -0.644260768271261 0.877690938185183 0.170032964871533 1.37809508803354 0.945973472871462 0.80079287626867 0.721876671173383 2.61880845515338 -0.620903714573951 0.0346213767127337 1.01501283986372 0.484084017151617 -0.188498546589582 1.30154803305201 0.508021563046577 -0.130947291529945 -0.784418733790258 0.537530623620329 -0.107732762244082 0.135174593742295 -0.533137898855126 
LDCe -0.421589225839013 0.848123601261775 0.604430574281965 0.768052230342425 0.509969376655556 0.164631854409062 0.122660948451298 0.461980630444117 0.754004227425915 0.0171617769194116 0.0831970730596312 -0.173598279332457 0.0698645896245988 1.83531105828606 0.295673487907869 1.9086082298815 0.432479645298822 0.126540115141317 0.187499962543508 0.227543646923763 1.76175658861814 1.84671962072028 0.313655486290307 1.35855148995296 -0.0167870928154678 0.0715705926543839 4.35644503751278 -0.18880102224562 0.259453785358161 -0.649517242516002 
RDCe -0.434969087616538 0.800035491409144 1.13553565090766 1.11679992047311 0.600848532884785 0.352544147604365 0.608512861726005 0.683394924268967 0.963593249779529 -0.850760543264761 1.66714575012687 0.418167284655387 2.16152674089074 0.638805008955661 0.682651007658474 0.642049733296483 2.14099433457943 -0.725674689363079 -0.0842667890839746 1.78376498157872 0.436105260246898 -0.225515894350559 3.93350687781875 0.487047041870871 0.141583246803348 -0.847934962187844 0.499722272284362 -0.144736748518737 0.008327138760677 -0.531593408797156 
MiCe -0.441456340398444 1.25320488124967 1.21932994680127 2.32658257143494 1.60584182000919 0.0676584792966803 0.259145959691012 0.631326672904821 2.07591739832484 -0.515748301194293 0.451916186093457 -0.26449927886657 0.048790450345194 1.09032369827378 0.689316841890851 0.869081637919889 1.3100390572997 -0.646907161799485 -0.0127128814608324 0.631176654221459 0.597016794335196 0.016330833787845 -0.241983739994284 0.665036103115949 -0.296214932797091 -0.593650878778515 0.664937379522062 -0.135402033647322 0.187077744854902 -0.359084003749208 
MiPa -0.286126013558482 0.796058762594868 0.882300115813288 1.76709855920723 2.90862581673589 -0.020534362965002 0.259890145539809 1.47820894915912 1.28527142218764 -0.513508787238021 0.51647869494087 0.123960966184549 0.783740947024815 1.66468779484303 1.0782286063758 0.751185580306048 1.57262188706514 0.392065691554149 0.315307284513003 0.508736691449496 0.475111133684259 0.534860955908343 0.0364485788185512 0.498006796299585 -0.245027927224469 -0.646675821161234 0.650009175330504 -0.0493553183899035 0.177954020737269 -0.386993658654491 
LLTe -0.167365893879853 0.152735347412424 0.122975877350563 0.181114961828181 0.229715215560343 -0.30928607692156 0.0259527031072424 0.179892755145432 0.143241564472733 -0.0767582518561386 -0.00290807453561852 -0.0547475270650869 0.128990886745261 0.608531943024997 0.0370491237761671 2.00634644771207 0.140303179658934 0.555179021066544 0.759769996241838 0.0160269164813714 -1.1741027947403 1.65079494023374 0.040000624571884 -0.0245206686477165 -0.124045872312664 0.132438390810958 0.47763602668241 0.0210685572500146 -0.0107589077882265 -0.239426491799262 
RLTe -0.252664393444302 0.403544423275553 0.594684588227404 0.678959554529605 0.337166781469497 0.361116940077682 1.22674464415324 0.58901434263332 0.341376306504024 -0.783962783115669 2.81064284617963 1.23143015414916 1.91997453755096 0.314004266898051 0.823506554870187 0.469595314836488 0.828924378923579 -0.522848187405169 -0.0476374670777761 0.510400486958902 0.335191004159992 -0.296862898697339 1.54609243283427 0.3527364094427 0.254122624171879 -0.80294400200984 0.39552202762193 -0.0564045755546243 0.0927862141066928 -0.355380905889159 
LDPa -0.234511994415977 0.522437540851077 0.567407764260323 0.893687097541618 1.19731593827221 -0.0743980043061077 0.127870992798295 1.06115005082164 0.648419955174 -0.284757071582918 0.235210650059793 0.169146760943056 0.555746026064227 2.22190973661506 0.792354315093219 1.14337798290693 0.756326975726787 1.62021781312062 1.37394153786295 0.157000198413354 0.420594195868572 3.69926287346943 0.106834184591829 0.536107482020726 -0.189168489783282 -0.416003060156869 1.26807233318383 -0.0493398577386059 0.129384075483958 -0.520569598260868 
RDPa -0.270880127165689 0.622287211777962 0.847761574470023 1.21173871560075 1.1527070744103 0.116453861015071 0.523186276052482 1.49735301464403 0.804806046079558 -0.644603147273788 1.3482731366559 1.27617465212286 3.15700421935493 0.921394315493161 1.0820623997635 0.590715926649308 1.85857472394392 -0.268095114235147 0.25036012851016 0.730713497804409 0.412869924128779 0.0876406315225079 1.7334393715698 0.449306907221748 -0.042991340719195 -0.834714836136948 0.500911280674663 -0.0682093526942479 0.131614629309958 -0.297671829641223 
LLOc -0.0689413364562062 -0.0104737574046083 0.144073745351283 0.497603736872951 0.744698208145434 -0.139390459718914 0.0147912693134326 1.16144711792635 0.176538595603068 -0.304714802244258 0.216808979728487 0.675897883601806 0.485433300732694 1.02820704049611 1.42509855233295 0.654080296146663 0.62155176892247 2.85680672038199 4.51709265932455 0.0624285457160638 0.0896851282307966 1.11915881999489 -0.00561350986727966 0.266071814056198 -0.327745700867173 -0.608469752047651 0.529492400433356 0.0607083875049054 0.0519090874107621 -0.00903718513531079 
RLOc -0.109753195121822 0.248564975662583 0.437500657308039 0.895115053968642 0.633892372689451 0.104723169435863 0.428791812797345 1.79993691592698 0.352026113857634 -0.485802920609417 1.27115537499961 4.68018301320637 1.6360157410063 0.544361730595339 1.93893576488062 0.438520939759661 0.807499064526096 -0.00401857076910556 0.374042330227809 0.227247249740477 0.288316014617144 -0.540656627588651 0.56658480745297 0.346499130864736 -0.218742540637791 -1.00524452359002 0.376513849400539 -0.00861768487443831 0.0233495940722252 -0.0100891647524448 
LMOc -0.170821286629945 0.450449334867063 0.562727143430841 1.11634917200169 2.02200103562695 -0.0780754872953848 0.167764824529025 2.17949791286127 0.724886187412833 -0.445927416704188 0.386453252065824 0.431780165534508 0.873740737170719 1.70696155469193 1.49738506690818 0.721967545998483 1.06539642935123 2.6683506078603 1.25604701426865 0.305760744568647 0.350379567648201 1.33383507308077 0.101749159278985 0.403506654690286 -0.31480236650619 -0.678987324238018 0.669120379261778 0.0177037827080848 0.141237831967048 -0.388920914954455 
RMOc -0.187042293511254 0.474710824793299 0.644403172727801 1.22980715590127 1.99046333193753 -0.0367472258347713 0.296922757724413 2.70464094869481 0.797186878334171 -0.547758072933555 0.729266767318383 1.14089155194035 1.61837203747155 1.12505392760317 1.5577953030751 0.58825886157111 1.3731121108674 0.701513318303343 0.469623509973468 0.441562333537809 0.36522115318385 0.0955219749162183 0.494109626218595 0.398108025937103 -0.224004349207487 -0.839481300763415 0.508613800197763 0.000464112590905791 0.132173908406688 -0.309745971474535 
MiOc -0.061062456458445 0.127241505330109 0.256206977771314 0.677029058801137 0.721903013213867 -0.0444593860472162 0.00131120015365993 1.96234209653638 0.345638904976658 -0.430725521731357 0.434348422324627 1.17076569482428 0.622861541005358 0.563330547493433 3.46310088982202 0.403126648369101 0.634095527123214 1.36600250738462 1.52648258411928 0.188662009697344 0.174957765900351 -0.320098853098146 0.265717759683765 0.263125243566124 -0.301096370818601 -0.699801738704194 0.411840748738703 0.0573035233148733 0.0739054234747196 -0.0649430207027316 
A2 -0.0403225146079083 0.150337743308061 0.24562324286002 0.267213968107359 0.0345539425878622 0.718081528104963 5.04733087246869 0.20026023937008 0.0904969405416083 -0.788017486447124 2.02777514548145 0.681732737975911 0.666247894483394 -0.0298922681406155 0.727708249066782 -0.0833452148413476 0.275610109698894 -0.517774325731379 -0.169146094827914 0.178912945199923 0.110694302670507 -0.89707974954375 0.357611098462084 0.195405628073127 0.838158726752292 -0.717345436019931 0.16673750255602 -0.109386709340401 0.301115392631069 -0.252538137951406 
