 F00 F01 F02 F03 F04 F05 F06 F07 F08 F09 F10 F11 F12 F13 F14 F15 F16 F17 F18 F19 F20 F21 F22 F23 F24 F25 F26 F27 F28 F29 
lhe 0.38309387516035 -0.363678220979573 0.191262635344151 -0.0817898369058287 0.45899447258828 0.908515962187077 2.20479370064465 -0.728894515350711 -0.0591420778290391 -0.265303410721965 0.0677555186665817 -0.155033497976309 -0.0412583732717031 0.363144984551755 0.717587706140253 -0.086137843413928 0.72156868547153 0.144600221581036 0.487515557527026 0.126569138206258 0.118549723679558 0.486324928222899 0.245765885089228 0.845915201844415 -2.06293589871864 1.14008402230547 0.213939698778288 0.273925767025831 -0.331319390371346 0.133312585455531 
rhe 0.471849954636645 -0.6057474498187 0.396771124245014 -0.0231218598442156 1.13002776291726 0.825899839592369 2.30010571693453 -0.889848723620454 -0.0280628188270669 -0.150004332474035 0.196798294772958 -0.58452921010233 0.0173492592449762 1.45924495164104 0.368100013074335 -0.0077879780796865 0.114617164749274 -0.0827029586214264 0.351144300507855 0.179548317270053 0.260008907242651 -0.175023360256875 0.776030579037537 0.438684318602217 3.86203387822204 0.998453222821684 0.239173857254479 1.00376088818359 0.221634783165115 -0.681897625472808 
LE 0.365327123358152 1.58978572114865 0.30474067804437 -0.0785512142172951 0.582771962405159 0.743634503561728 2.5240295120344 -0.757605914971479 -0.0599479900071298 -0.082183191170147 0.0185613881141269 -0.385304469713939 -0.0261270932605009 0.686994128592669 0.567670421611241 0.173768869631937 0.313206891497063 0.149959931753813 0.230505253802616 0.2673754802357 0.131675842181102 1.69638782513717 0.190766097099937 0.387071354192579 -0.0266257546107287 0.97355996429468 -0.35450063063115 0.232234541183709 -0.531029320021282 -0.552129827297281 
MiPf 0.887698905284873 -2.8583988311373 0.572884385424196 0.161616159913641 1.15962653519512 0.955752491575407 1.31257253393988 -1.06613378843178 0.0222776543192703 -0.432081504784872 0.46261098708229 -0.0801832316398343 0.0864712525821301 0.580200685877887 2.19005445834575 0.00658478527545478 0.647521422527077 0.0204859566550208 1.34017267675533 0.0501165831287804 0.497620324760918 2.99788593575291 0.417663669899312 0.835367745346304 0.483229006604237 0.970369764275554 -1.56928634496159 0.533259872529684 0.369947373229549 -0.96592717762682 
LLPf 0.748168237225912 -2.20489934623198 0.456494733954851 0.0803696576977091 0.60156039965894 0.989814195303642 1.4388810774599 -0.917429732606491 0.00801012303878056 -0.435738400510499 0.289953705872318 0.301399370360674 0.0442985894808149 0.280832477217846 1.31372055837662 -0.130184531796432 2.48145890132536 5.17163114538729 1.2610392917019 0.054879668237827 0.281677636580754 1.98019812402457 0.257550582594417 1.04101464190214 -0.890027637898376 0.960539536068877 1.27868494267283 0.454958401385153 -0.126495459865632 -0.00366692097918351 
RLPf 0.842410989735795 -2.33408208900678 0.594447490092135 0.128382077542726 2.13432876615635 0.892921633985764 1.25607454638543 -1.03283205125567 0.0488583060053867 -0.378482004797637 0.521132386365468 -0.324239765534862 0.118879099399043 0.824635376617491 0.967823944914235 5.23650754038863 0.641013035903983 -0.134817016310328 0.962273360935831 0.0919382124003118 0.583949493123201 1.26950173378968 0.769875733986528 0.611339183850772 1.64500042393101 0.924464921310494 0.337105412328359 0.588657239430025 0.613416892377532 -1.98987633434694 
LMPf 1.20323416583578 -1.42012729894437 0.7189959660444 0.275571420939805 1.05136569061809 0.929909527449424 0.332025514461965 -1.11982237463127 0.188944010395877 -0.505729826173218 0.695152056090115 0.130994854361284 0.336646898447622 0.325173782378741 2.33674254561761 -0.446897511773066 1.55416673790632 -0.926465243989849 2.10306598570068 0.0868710533874819 0.378102193193442 2.17500838585766 0.147731294690652 0.799258201007039 -0.146033852670155 0.790401643064481 3.64656861565122 0.186229014811622 0.507832307698937 -0.705329525692864 
RMPf 1.22823135576386 -1.39497269208192 0.770983504831889 0.314909819281924 1.83973725165375 0.909995512148207 0.223230977814812 -1.21791466846482 0.234404648356238 -0.506674445404059 0.91740351319248 -0.0799192467986947 0.266392878043737 0.412958518082311 2.55294611634497 -0.600320544194253 0.866349855125963 -0.433191635778492 1.67402601611894 0.0906045887251265 0.607685420054496 1.62739975554106 0.304589940956582 0.663849526046655 0.141368801005658 0.73783921598693 1.4509241920998 0.0883815872995313 0.702240571368075 -1.11921453396692 
LDFr 1.10508853141889 -0.820514583039166 0.70488859208986 0.23797985227812 0.543893006865443 0.992751516094273 0.0855874380574862 -0.891837272527147 0.296209787615889 -0.461135721432761 0.592682878695088 0.541721230011381 0.783348685188431 0.162130638576142 1.36451062961667 -0.332884204496083 3.21956081804274 -1.12262877827667 1.76164629212802 0.109187170463433 0.227500407871888 1.17727110707275 0.045837563196685 1.03171360055824 -0.537063748066799 1.08718866585258 2.16749999781429 0.0984033471047829 0.526062157504473 -0.0790771515608754 
RDFr 1.18599109994134 -0.874661919217739 0.827288506094107 0.331260810607106 2.36912473164519 0.895563968517104 -0.0289673919525076 -1.21262947746802 0.381125139266602 -0.440152798377839 1.33329919888135 -0.122144707007754 0.420264428760065 0.685692230658869 0.654258117179352 -1.02592413215474 0.771130060229191 -0.269890702058848 1.38475334696437 0.1052455558756 0.871037241951853 1.03820382288934 1.12923830235451 0.562428057958802 0.24666847250102 0.616503078761807 0.99447120556767 -0.755253263954288 0.760032012474618 0.0193383042007057 
LMFr 1.58822761003655 -0.700762985024008 0.984851786075341 0.461146072113283 0.744200404179312 0.924573939957233 -0.368531254293575 -1.14404535320659 0.663268541661428 -0.494938904957206 1.08715342596686 0.246877493354355 1.01410013880347 0.0940465575681022 1.49219663542973 -0.272669153803163 1.37860407974753 -0.510286524940599 2.51754283118075 0.119524038889919 0.317026779220225 0.865037038514506 -0.0979015410090621 0.624235357004065 -0.272487577271367 0.395715176528751 1.25083016445916 0.00585218263312875 1.10936006840316 0.0860693792443896 
RMFr 1.55810478288869 -0.714428177456658 1.02562861764683 0.551698945496888 1.54257116237304 0.9001609970719 -0.425431933245844 -1.3109032588064 0.766634295288001 -0.48874259715661 1.71028568399409 -0.00655556474320092 0.736914888435725 0.2503831902113 1.46291628751462 -0.470722416460139 0.646170321215315 -0.286316153893179 1.50762062701692 0.116895773488817 0.739050130107667 0.819983947420594 0.354423482920508 0.548125491569652 -0.112115392725747 0.41647088164727 0.908273527975056 -0.209778410554666 1.01773423488132 3.59375872988621 
LLFr 0.539710616842851 -0.490825368481287 0.222141336005165 -0.0351684510528828 0.329412656297093 1.24818007201309 0.636635318903369 -0.597871041877442 0.0856906323537124 -0.46843411289502 0.216220557628788 0.454160984492583 0.366485332306747 0.114894786553786 0.730598853117298 -0.191549544054584 1.46570734236681 -0.106656543049322 0.881701252381022 0.0567668970310141 0.22629158784834 0.220755536583347 0.331814244797504 4.24246632847505 -1.19607248889739 1.76006139990651 0.652010994341091 0.300076328924975 -0.165455313976843 -0.225953140782589 
RLFr 0.73073196465846 -0.670742843612454 0.545946534341881 0.115415278854209 1.64944340142194 0.902460717773379 0.685036509118999 -1.02796724768079 0.146033730613163 -0.246738931571839 0.696067118559638 -0.406174405521286 0.191989323392192 1.96187008829144 -0.185203403915753 -0.266327380495224 0.359188538701053 -0.151040560543137 0.747975458399169 0.0842216644888794 0.587658127593123 0.204356507594411 2.21228411561237 0.746873057468345 1.3985045678361 0.898008820488045 0.504806001978994 5.16884688717981 0.723146570952293 -0.716260130725088 
LMCe 1.40232932780005 -0.397344210877981 1.16139630076345 0.908545169043164 0.402457920080236 0.982882843320678 -0.626881570806743 -0.703043529304368 1.48050352690274 -0.285057142578477 1.10894743987839 1.17556029629802 2.34987311501508 0.0894170683361135 0.49755282478797 -0.127525698075859 0.740041195011018 -0.27006732245892 0.661825419874328 0.117996400637161 0.430860954229234 0.349630896711945 0.177114056696019 0.645301354781004 -0.327524645664924 0.915834900930741 0.438242859560201 0.0369962124478125 0.746196752770422 -0.683442345866981 
RMCe 1.34455812085837 -0.415825644262614 1.23300916178559 1.11248797934252 0.856322548209305 0.897734402105685 -0.606519376110807 -1.09315902423842 1.78423262073087 0.0299309520031844 2.40059008278137 0.504619222238007 1.30864138081562 0.484453538225717 0.22377073297893 -0.237857362738777 0.263500422307793 -0.18064212258189 0.474875949635514 0.115644487728388 1.57603477841157 0.384134565338818 1.22390672391951 0.531257229807062 -0.139099559099155 0.604542011508718 0.400234195063623 -0.0780715927423683 1.07874721191015 -0.502809019431973 
LDCe 0.995643256329991 -0.419746501643281 0.724929562038479 0.390848343054412 0.315722065667918 1.18393029706896 -0.342003614907092 -0.364852704838412 0.640463053938279 -0.395386658073101 0.66478209062877 1.34766548379898 1.70235924656219 0.0949147760370824 0.583163121615201 -0.146173563040982 1.42423833157161 -0.305330878170112 0.992494182923704 0.0981280622605642 0.318642443566491 0.348053232600319 0.264726207184208 1.17061264254198 -0.54154124568061 2.89644249205229 0.564032394010683 0.109289603203991 0.553797963618655 -0.38557864546992 
RDCe 1.04137428018625 -0.479537697406909 0.92884142656421 0.653236086841145 1.31712679095115 0.900853003641264 -0.299064489865117 -1.03518638728225 0.862781130504368 0.0638877245781678 1.90577898152236 0.16107248811473 0.791743370000938 1.31566830117268 0.135085583920772 -0.39893452952334 0.35081241517151 -0.160342297859135 0.666218978042215 0.114364713960343 1.82543202830922 0.404297484738648 3.16667021751366 0.562261767054676 0.191648039236205 0.699655497120965 0.482711618072767 -0.444043552618851 0.908272404410887 -0.457632586104312 
MiCe 1.76592329497686 -0.471056772591886 1.20636717742402 0.787230466352223 0.550495188672294 0.911363107822617 -0.666794712903313 -1.20450863131429 1.5499965245407 -0.403193307989107 1.63736875113403 0.2606194506968 1.39339447992391 0.0863825543776996 0.588402034895815 -0.17439998491094 0.429083539229423 -0.251178184374951 0.558762731597261 0.121897392300163 0.551883318838249 0.420561726960279 0.0850067129981911 0.509628408123811 -0.241496054459448 0.450569953447313 0.484055136177346 -0.0731740041641906 1.1655867638944 -0.195193351936154 
MiPa 1.35667527252457 -0.317853302188824 1.41424452818944 1.57089615648156 0.465931222723346 0.91519362143069 -0.766312794167766 -0.85147485984061 2.67229802693736 0.02345586229622 1.35550170646004 1.19573222744495 1.73582010955534 0.193903258170552 0.0717159673042601 -0.107890893634891 0.17000261360231 -0.184587003411684 0.149773811727836 0.115952999624888 0.95239530166725 0.245981364898249 0.522235407651568 0.52960194817272 -0.267041365807464 0.699453991191774 0.196924672047917 0.0438436112450281 0.861628819740738 -0.850153333091051 
LLTe 0.39811356774509 -0.205210117391596 0.350881723785754 0.369813784642803 0.0916182101720088 2.05279111253638 -0.691243633575646 0.760997267723752 0.340227478764067 -0.296126124175024 0.325393487785607 1.41957411460392 0.651322745407189 0.0227365707775326 0.278432592228851 -0.0824151752372753 0.503820006322473 -0.0716581228503912 0.410397675966184 0.0472684275365645 0.357334050714815 0.0646626915592882 0.267302554719364 0.442370347894451 -0.306714368009982 0.852429761977201 0.251186095466723 0.0680377608701231 0.346790703201833 -0.580279453418102 
RLTe 0.576804848840965 -0.231922630738962 0.668509157164734 0.489106426843028 0.86592759240112 0.920724500253972 -0.259860057760159 -0.502150165278831 0.45836364297781 1.18590070943079 0.78970725556652 0.0669734907328669 0.361329844803972 3.11559665728151 -0.300654852140786 -0.0999233407016322 0.0424006541207115 -0.0581153740700788 0.288463980296886 0.167208435153914 1.79655641045125 0.0832123944665931 1.63253594756658 0.466462874423759 0.467406057513629 0.678487435887044 0.122313679923791 -0.0250656404305553 0.786132847209695 -0.765934520105858 
LDPa 0.981433568963297 -0.257134908428679 1.07506063456631 1.11283652985526 0.340226332822213 1.14795852666852 -0.702355909484732 0.499111523383609 1.22248309862797 -0.171758330239208 0.809897637146771 2.75184961341721 1.92924909779005 0.189167987091735 0.233533858676322 -0.102655807062913 0.495662170152608 -0.179597873906245 0.435608701922644 0.105163518011815 0.508948992936369 0.137503327733278 0.423605285959164 0.682515521462624 -0.365575037839555 1.18465710355134 0.191730949402264 0.13309354754184 0.0614631703251603 -0.886759030673092 
RDPa 0.984368579342993 -0.276323644805083 1.20922396906313 1.36315612829101 0.780697771266944 0.889997775182472 -0.61310653838768 -0.642642872903173 1.50692199586038 1.16905682042784 1.59675357742595 0.927291937625112 1.01324386425048 1.11983850021194 -0.246403038391765 -0.2020937520782 0.14555774119663 -0.126445787111703 0.367432228596945 0.124988619533079 3.22601063571979 0.22250480768839 1.95581724691585 0.521055288836401 -0.0253086095340769 0.653249704861287 0.262834939435028 0.063848607885138 1.2311925696466 -0.854538018645595 
LLOc 0.616675165809715 -0.111249722622587 1.38773498721166 1.82215771616347 0.247373848986362 1.0813432688636 -0.854048577186672 2.90121381152857 0.763602232989072 0.338397806333429 0.461183865420055 1.7501180122236 1.12119314127211 0.353638457153406 -0.0356021445099001 -0.089041177120988 0.0678126834550088 -0.109567319899875 0.0342641531781522 0.0986371638004012 0.483463716868127 0.169703890948113 0.416337592753554 0.390300466268759 -0.162325234425428 0.771265673526502 0.0255724009489066 0.0765110178000937 0.0580517331986179 -1.23665753941948 
RLOc 0.621043003183562 -0.0725764545332363 1.30174393376709 1.30250341284475 0.465727705873578 0.901521382408104 -0.672100972013753 0.223086558943372 0.864288644834686 4.31803437321891 0.508421261880379 0.616760947416117 0.59432842696907 1.33885178070897 -0.694039124416432 -0.0638541728981172 -0.202484715882 -0.0665290605900197 -0.0949607597427832 0.128292061954307 1.40404236349186 0.205501133588059 1.22957612443071 0.37757360955462 0.118429244161247 0.753394809379823 -0.0704814413948006 0.172519293754134 1.13832452359036 -0.98916815912352 
LMOc 0.976564108225805 -0.193454994616305 1.53098693859821 2.43425625669231 0.375248904368368 0.968124520694379 -0.843061338009355 0.259126815127795 1.68357642388246 0.329827468196633 0.683328824486212 2.35583110712455 1.64359364696804 0.234285642384435 -0.152818235826432 -0.0882244394826742 0.146465201086393 -0.139840697479905 0.127105908217604 0.104533843840131 0.65643887038022 0.105919946498251 0.550874468654954 0.540754829035375 -0.340301548873617 0.861037815236701 0.0584191060171568 0.130828140812267 0.276517232240854 -1.02795188170898 
RMOc 0.932501433084429 -0.197734849630569 1.63758934438431 2.2960410727572 0.485790879170414 0.911401885436593 -0.783526234393078 -0.512584176697946 1.9527853878715 1.32828173340541 0.868502728128276 1.57067759985641 1.22561480759094 0.441017840155928 -0.411950247016483 -0.109589563275401 0.0802255868702046 -0.0957416841508452 0.0485639693533398 0.106428632139192 1.60753204191987 0.114431175623943 0.946838272068094 0.499384032926063 -0.279308496720546 0.729491099162235 0.138344550073842 0.12517280239729 3.9805432526301 -0.00374989033942195 
MiOc 0.436691088221661 -0.0756347335701544 2.0967958417013 1.90382174247798 0.201217024226997 0.90329090078378 -0.820797645869435 0.292231269829346 0.675964896883435 1.59549754899783 0.135758084981943 1.20026175525762 0.628256340096925 0.40765746343291 -0.480554495393953 -0.042903730113546 -0.237200821610985 -0.077939815727694 -0.215919226441461 0.100280803438795 0.397322282559533 0.0317828595567225 0.490697651476857 0.402744553493355 -0.20584561304446 0.78074847866899 -0.0699694688573069 0.0947000171230798 0.366851249467639 -0.94357411829327 
A2 0.260162212700727 -0.0450836914908536 0.466825233095449 0.152207385511971 0.566482219976577 0.583267218279683 0.392371999878953 -0.409758246821373 0.0981809102683136 1.10587044011814 0.252582914524921 -0.435563242177259 0.17504440038788 2.47116585729362 -0.410253195071794 0.0114197836551042 -0.157451055780284 -0.00777466220150377 0.0293028181059673 5.44018141035654 0.390772065995532 -0.115100411965564 0.402161386296101 0.0730003222473554 1.38677160310893 0.482756929054261 -0.0861367007672041 0.472969592553306 0.204482184359938 -0.585469697164034 
