 lhe rhe LE MiPf LLPf RLPf LMPf RMPf LDFr RDFr LMFr RMFr LLFr RLFr LMCe RMCe LDCe RDCe MiCe MiPa LLTe RLTe LDPa RDPa LLOc RLOc LMOc RMOc MiOc A2 
F00 -0.0314048920457421 -0.00113960290265209 0.0849075570330835 -0.0185281522207471 -0.0210154074904957 -0.0295752625308944 -0.0982835824263504 0.331843700461533 -0.0150426832601143 -0.229028718125558 -0.194113469015201 0.0706171588438694 -0.00344012729629534 -0.00270957913015319 0.192438913715829 1.17849446564528 -0.0820108394902865 -0.237231612219855 0.196886236673725 -0.504456198664522 -0.0468866379884216 -0.0565966219718653 0.0594444304128651 -0.261750033370959 0.181409513190888 0.179993464857902 -0.0109177021928564 -0.0318633958128393 -0.173600414090341 -0.278018520685786 
F01 0.175698967672084 0.0508688082880296 0.0736999538696016 0.00093883680256418 -0.0140137655449627 0.00559608050487562 0.0360348684874452 -0.0948461104727339 0.00741987313930837 0.0758887793278221 -0.000733396578685881 -0.089315943280945 -0.0588247107198973 -0.00594467720926897 0.138172723473081 -0.259650039894706 -0.0893117660403191 0.104715773339657 0.237812615650756 -0.26649286705624 -0.143334647651459 0.00571554029900138 0.196295419293634 -0.0910046222539998 0.280013729464343 -0.154767021590588 -0.185339245318126 0.460361934088916 -0.231960686793156 0.506873233056603 
F02 -0.173815121006598 -0.0421894726082434 0.286676995292905 -0.165629531025563 -0.000721593565127834 -0.000806756687692027 0.0251886062091359 0.0414392180510501 -0.0239215392268444 -0.00220703710174608 0.0603129698712464 0.0206383418661824 0.00666324664143167 0.00619900739886497 -0.0164313639495673 -0.0160027998194008 0.0141058480224864 -0.00182236023127104 -0.0343434999013024 0.0307590947646853 0.011863195731053 0.0213980243957707 -0.00662083704969508 -0.000376222032655832 -0.00957337165663114 -0.00670263748139813 -0.00142952844396744 -0.00600178484031234 0.0105470954734536 -0.0240284035057801 
F03 0.0210526043266073 0.0166488951682783 -0.0185856523943987 -0.00409736673496194 0.000130095406056097 0.00274127441399563 0.0114130420837539 -0.0819702301952446 0.0084232329495609 0.017087443735571 0.0672896749741156 0.105278172941126 -0.00413890361499777 -0.000279478784621042 -0.241545197273784 -0.170690205609203 0.0520571704347528 0.0463675846516053 0.0508851564170443 -0.37536038133669 -0.00190323571600608 0.0140574057752262 -0.123521683570269 -0.0841575794323412 -0.0664796897304133 -0.0573882486721084 0.692006399810427 0.328899697279874 -0.163748484862882 -0.0314399875565375 
F04 -0.081571140576029 -0.0306411786514836 0.00858357240683814 0.0122901224237181 0.00300820466328709 0.00275433082525079 -0.0212739920699985 0.0368807061577186 -0.0535952188211447 -0.00428369576315024 -0.018902192015788 -0.0260978961472898 0.245922273188492 0.00542971654077897 0.00208524215048616 0.0117665552193471 -0.0287498328311917 -0.00260672787292303 0.0267160451118624 -0.0126411438044324 -0.0808490996214339 -0.0214637901479105 -0.00231970285557847 0.00600465712565393 0.0338320903822145 0.00361091251959919 -0.00296482100691962 0.00455866984746538 -0.00922966240281519 0.0265915763522682 
F05 0.00286624858815 -0.000466257575415827 0.00900758828623039 0.0020738350151698 -0.00270292358866669 -0.000661043039282216 -0.0083126545262533 0.000701652113360984 -0.00663022480527187 -0.0048148610130461 0.081527493200389 0.0325669617767927 0.00501645243219261 -0.00246994939267121 -0.132631998267909 -0.0564998276190061 -0.0140951111504035 0.0108456643071729 -0.0454241969588279 0.0968185224727999 -0.00767355859079854 0.0117323186493603 0.145996794582391 -0.0705742773898831 0.495136224410147 -0.083001826687772 -0.620109284280352 0.459607177086422 -0.218496725222913 -0.0103363244057632 
F06 0.028912919515439 0.0139898227058182 -0.00409088047638923 -0.00479418831222676 -0.0025132349444149 0.000110459714767778 0.00311696880739323 -0.0128732256208806 0.00325226284457049 0.00926668714259553 -0.00562345952172391 0.0243371999910932 -0.00702861172162505 0.000191665001001451 0.0373241138707271 -0.0444391349849802 -0.0218467067157865 -0.00882584983400846 -0.0612883370730538 0.167517965500973 -0.0251068437206103 0.0237866935672837 0.0771625844848416 0.0861425450456505 0.01158052259838 -0.101340875560753 -0.263033087056402 -0.183978333440866 0.421899490640346 -0.0417263081454667 
F07 0.0604144461657853 0.0918508333572002 0.124872001779025 0.0694453079940946 0.000118675283381673 0.0102139972587765 0.042308074147243 -0.106933960315484 0.0519158343850659 0.0580117225635277 -0.128518740288097 -0.153859055634521 -0.0110464400800369 -0.000581922315332468 -0.0142127238792832 0.0896433007893065 0.0192481470990049 -0.00803566813130012 0.0764451446542322 0.00128046972311279 -0.0203914958727002 -0.0274110864692687 0.00825133609862283 -0.016869970420729 0.0394168118889901 0.104797075773155 0.00822065186899349 -0.0600048002638617 -0.0389950152968133 -0.2244982696258 
F08 -0.0152642974445896 -0.0421034578430422 0.00664699468477018 0.00944518810792283 0.000881880091247942 -0.0163399347273114 0.00327018213931433 0.0155623729656269 0.00526711971713079 -0.0847737714616149 -0.0113600240478781 0.0158874453556182 0.000109502613951433 0.184984853286742 0.00347910935534056 0.0233054724823221 -0.0122379857590667 -0.0464621064285061 -0.00482641825006639 0.0011757495504735 0.00213802434605406 -0.107443588480069 0.00678003067278648 0.0568875452671805 0.000982063021783961 0.0173435097512468 0.000931287402299933 -0.0303853009923478 -0.00160766233170769 0.0144493724326608 
F09 -0.0155987071313984 0.00126689857852209 0.0150662683136897 0.0125580244530875 -0.00861528294550695 0.00139801372609529 -0.0113858503159044 -0.00209407555623301 0.0197005957817396 -0.00243778269900441 -0.00615572324089505 0.0174723316595894 0.040897692715242 -0.00387677541981587 0.0608766306451329 0.0510902063300106 -0.156870060590438 -0.0154008120593982 -0.0382875467321802 -0.00696868368599781 0.350398093327383 -0.028377058141119 -0.105582027861771 0.0109111161892616 -0.126456334523425 0.0245835119588507 0.116408307780163 -0.0717503116931315 0.03502632318036 0.0042378100004082 
F10 -0.0279786549793214 -0.0395658936706269 0.0355929247424705 0.0326858851320083 0.00215290493886813 -0.0116771540099762 -0.0138290547733509 -0.00181607758528846 -0.00723587863596999 -0.0151021394558535 -0.0143242833243799 -0.017670077463066 0.00306231976336743 0.00813838743624519 0.064136453670726 0.027142304062133 -0.0147207859260196 -0.0143800334254157 0.052340165614636 -0.0630554508242947 0.00101989601640769 0.430210069079315 -0.0539344174110029 -0.264028374792 0.00366669043571438 -0.024504968147926 0.0458125508389518 0.107085721824709 -0.017535551509697 -0.227189233818063 
F11 -0.00115505179391778 -0.00123146910391956 0.00144304537810507 0.00542872945215186 -0.000139839389871013 0.00265748933812161 0.0102780088720955 -0.0193576163458035 0.00039179144786534 -0.0191619925317574 -0.00586923105464737 0.0150894968516583 -0.00337975623646684 -0.00118455521437925 0.00123777735368578 0.197200106114607 0.00988119142717497 -0.00244213333084608 -0.0568365966086009 0.103853164157964 -0.0011527269316788 -0.0515564698782108 -0.0810464115267 -0.159684864288989 -0.0326932292657623 0.436113469019767 0.251989843959388 -0.500817407959749 -0.0385235426977434 -0.0347472402098865 
F12 0.202814765406761 -0.174805186285439 0.0052177015476069 -0.0401760201394592 -0.00978809777809636 0.0011977726317784 -0.0726515957601202 0.0759313558415491 0.0214161316352915 -0.0290053069921069 0.00357813666862253 0.0128286405792941 -0.0120121511102362 0.00904821729117076 0.00219111327697871 0.0273019884844715 -0.0150919075910816 -0.00339312399403385 -0.0107583272059918 -0.0133802241062412 -0.024656567064589 0.0564341923686126 0.0190737455073742 -0.0402693739623132 0.00882354654285118 -0.0216916094881787 -0.0193630995516014 0.0392092534877564 -0.00182650855960766 0.0460973121374754 
F13 -0.0282224924664527 -0.0745382996225523 0.0221123438629615 0.0200297550272682 0.00679910640226814 0.0153234543621987 0.0461857059900932 -0.224945533262081 -0.0244083522213651 0.398358714855447 0.0667195522672991 -0.157836943393489 0.00176974284786797 0.0149575221956149 -0.00724964889897578 -0.0621133781360635 -0.00248914282980474 -0.065746816706047 0.0687092209400753 -0.0164306007037776 0.00767739527283655 -0.0474241271423078 -0.0187048434888518 0.0207880678219348 0.00469895158912617 0.0164642025883545 0.0172505254761845 -0.00424800363926127 -0.00772298317744863 0.0124684652430475 
F14 -0.046653100609114 -0.0190140306622614 0.0172276629127399 0.0200771060787519 -0.00110684701857063 0.000476261200631086 -0.0193039832382439 0.0150892391395789 -0.00683476002770817 -0.0136488241337453 -0.068473629956136 0.0449379009930266 -0.0958481301447276 0.000101092759222513 -0.422687912562413 0.00599291038730049 0.578863742741065 -0.0231658678420864 0.0654966991919431 0.11491530991283 -0.0120021728481712 -0.0282267063378134 -0.197695936434721 0.0319014427530266 0.0149376098467217 0.0163778060518018 0.121511838550682 -0.0650038116844066 -0.00375395468128861 0.0171263287042379 
F15 0.00435886686734794 0.00547746483018336 -0.00267762256261198 -0.00269611779849342 0.000609310410825245 -0.00281004957320072 -0.00615764848108618 0.009511363824124 0.00680113874638825 -0.00314193505465996 -0.0793674648884247 0.0922279135045024 0.000510645737051145 -0.00071338779693823 0.141418519132427 -0.154261474687484 -0.0297654824322203 0.0418540153401972 0.0183370712777731 -0.155938523045206 -0.00642202018895664 0.00647557784067737 0.148999753349381 -0.186357208363442 0.0648271931560097 -0.0722799244872939 -0.588614291494026 0.790373365487563 -0.0166040959230502 -0.0158773799614627 
F16 -0.00340507258859659 -0.00255380708665698 0.00124037832793948 0.0051746946199483 -9.4273298462098e-06 -0.000830696766155481 -0.0021679353417273 -0.0168693189883209 -0.000506592229991355 0.0164928618565628 0.0988720887986696 0.0489122712686712 -0.000874149484448969 -5.74227729731952e-05 -0.207326454576611 -0.209326646090329 0.0165046498265763 0.0345669928756483 -0.383746459889205 1.02267487123635 -0.00283196154292928 0.00426893906792653 0.0456816938671818 -0.0355537456092258 0.0239513057860707 0.0439257743615754 -0.264898246033153 -0.230552511220565 0.0143011032223548 -0.000160272108125953 
F17 -0.00058143971937979 -0.00420279026015197 -0.000234103505696539 0.0100040436997161 -0.00260975632238643 -0.000494923163731529 0.00685255864769953 -0.00418583485827211 -0.00123441287487402 -0.00109588063808811 -0.303181849335921 0.157206528577878 0.00111974447222888 -0.000287459287870522 0.86668402649853 -0.143308469692448 -0.126049539545903 0.0203886117048197 -0.206831934400557 -0.158775041966384 -0.0152462751632218 -4.64152959237506e-05 -0.0485808541429252 0.0275156214203121 -0.00889079238990356 -0.00622547509437567 -0.146578666793941 0.0709572853299951 0.0142917812319768 -0.00031032703530319 
F18 0.000171708037336797 -0.00304154148174351 -0.00543713379981814 0.00442760581039018 -0.000693221793158008 0.00203128736650507 0.00886202746207749 -0.00984422504627466 -0.00641562055156385 -0.0456567323241593 0.113389212749355 -0.171900535613998 9.75578931687801e-05 0.00331758631134978 0.0132716504595692 0.996600874152718 0.00150454888323635 -0.17269035835948 -0.4559639251284 -0.210302279869049 -0.00400642860822696 0.000282446604233696 0.0311070428190636 -0.0515812630408234 -0.0188500610978396 -0.0303546765392591 0.0563990186197229 -0.0700635789662419 0.0109929822310826 0.0148101513786711 
F19 0.00443975924342527 0.00450155866548793 0.00315952204584773 -0.00188329253557483 0.000809656717462014 0.000547028604362734 -0.0190368907910587 -0.098125964110603 0.000770506905031901 -0.08040387643138 0.0351849648776751 0.733208389438034 -0.00235301089962984 0.000129018585178734 0.196020536818482 -0.018083233601677 -0.00263023279379421 -0.023604668559917 -0.931107386164496 0.343854239409212 0.0040801914859142 -0.00596816076407329 -0.0650852356060315 0.0336651406313893 -0.00354160703131137 0.0220640601930294 -0.00664870102209867 -0.120801370586597 0.00960771168712971 -0.00597412973551206 
F20 -0.124331475696024 -0.00496439133241473 0.035127455830821 -0.0790195151593745 0.191698331858243 -0.00549695390740087 -0.0419403114145195 0.0519091703848668 0.00428153057078251 -0.0118210794824499 -0.0307235079511402 0.0126137163515842 -0.00274468053620032 -0.00951043256496397 0.0384949807402632 0.0208948599213223 -0.0254733524503057 -0.00752306477174633 -0.0120783896649149 -0.0135670429057501 0.00102601862912095 0.0147030367977908 -0.00114891831623911 -0.00981726867117552 0.00317477775717444 -0.00347777169894652 -0.00521137972113289 0.00736883205248387 -0.000676247269231942 0.00521889666153603 
F21 -0.0113999301751525 -0.0852555400865329 0.0326259232042484 -0.0868025392984137 0.000510022519067532 0.186996675442744 -0.03499278783885 0.0600756723829131 0.000112043361694016 -0.122635663317328 0.0280689877927188 0.00272652232580001 0.000519604438897774 -0.00635940127576172 -0.00760195731293527 0.0118165379577441 0.000579679498756275 0.0316839965334539 -0.00945926737291813 -9.2602588652252e-05 0.00162770260964647 0.00836853664783856 0.0059295604328142 -0.0239540289150129 -0.00212513664279855 -0.00272330732041153 -0.00326980397236208 0.0130203173874958 -0.000581079552263562 0.0133431230407934 
F22 -0.00870289596101777 -0.00978410672077105 0.00510878428887225 0.00556464455823864 0.00188728872644702 -0.00629926361199275 -0.00407209365336898 0.0340055343449228 0.00496187639529379 -0.121956586804168 -0.0202215834874806 0.045412540514778 0.00242142214539792 -0.0187797426400539 -0.0102829480361997 -0.317721442256902 -0.0155366877464701 0.39739182221126 0.0924864556987224 0.069596603204807 0.00269384736885993 -0.0725250628787659 -0.00510276197488293 -0.112957566919087 0.00423532567884102 0.0372070890436439 -0.00203943470698615 0.0265034949406051 -0.0066835757666153 0.00262690874482697 
F23 -0.03742798902519 -0.0144449142725177 0.00504502623099573 0.0107090490708814 -0.000466984205846676 0.000315251015340607 -0.130848901706752 0.0522592904661792 0.269510724124499 -0.0254908778823064 -0.110376325051345 0.0379558538122712 -0.0151198747490632 0.00637984312426074 0.0627727200267272 0.0078107094288019 -0.119085715439668 0.00765365401009679 -0.00657178167970521 -0.0186497060979045 -0.000108209385665261 0.000435901520878925 0.0324577909552487 -0.0128911358555208 -0.000382683295143869 0.0026052811321315 -0.0131938030704652 0.00658261789861266 -0.00177369414857765 0.00543408148995 
F24 -0.00640029427794275 -0.00316504476427326 0.00300502099836236 0.00424880995379071 0.000814025642188603 0.00189209985303977 -0.00809852022634863 -0.00865097936068284 -0.000567650474007197 0.0661394560936102 -0.0312039662723203 0.0412728412587821 0.000340047979723482 0.000978222431570426 0.0260003862114862 -0.69685239909237 0.00947580415959259 -0.0686295526907133 0.257703210013522 0.00468127589382629 0.0131017069193641 -0.0832310712137998 -0.0929270596010393 0.862157524576951 -0.0136645745385273 -0.121970320316831 0.0932033432274789 -0.278137859110676 0.0221231910314285 -0.000766227407198912 
F25 -0.00183113510676621 0.00346103692991434 -0.00377190128626733 0.00203952155004913 -0.000559718171707551 0.00107854418368774 -0.0844689508533545 0.00275697900819241 -0.113964407409862 0.0500177397007479 0.78021906040482 -0.413594378099751 0.0018884701083638 -0.00116194371545817 -0.0921499354767511 0.135833488732623 -0.0503896742419891 0.00664714439608312 -0.229542121488148 0.0406111818524063 0.000384878002504173 0.00081020842869738 0.0127688432569173 -0.0403926772140077 0.00184240097952172 0.0129769879226889 -0.0186342399480362 0.00527045276483721 0.000953761428478333 -0.0128242940174513 
F26 -0.0221370097632839 0.00536140917200626 -0.0049648045307793 -0.0805217603381615 -0.000227159018074811 0.0078155245053294 0.436774343833637 -0.182632839941494 -0.0136759496207657 0.0193951389066028 -0.276555601430705 0.0113082389102842 -0.000920612534167593 -0.000355434112640181 0.0689653923103803 0.000194437814506181 -0.0172351137548899 0.000907233859713687 0.0650654455384425 -0.0329066204546084 -0.00816213177932566 0.00402252143836563 0.0409881715307846 -0.0138391476644141 0.00259859229044825 -0.00775288763437998 -0.0441706410049359 0.039769795520215 0.000106025341333584 0.00796214149046853 
F27 -0.132512457648167 -0.10337545821616 0.0926200159818552 0.155544358366545 -0.00852335383159743 -0.0127742922435986 0.0212806697556578 -0.0446072793694877 -0.0176198625853578 -0.0208416254610339 -0.0124306773572433 0.00555125681082483 0.00610283701961307 0.00186522156542938 0.000647997418441177 0.0314928864909323 -0.00423633226521581 -0.00598321983102711 -0.0114717351791194 -0.0108278316147196 0.00517794631426022 0.0306990108740567 0.0326292155963011 -0.0335335231895719 -0.00815687789059985 -0.0284291182438829 -0.0339048841726022 0.0517049208464966 0.00799351427701563 0.0381138538002851 
F28 -0.00134394423346317 -0.0107981963794565 -0.00089631215635781 -0.0531278682137108 -0.000642736846184024 -0.0153066727001687 -0.0693932202510922 0.352565712790463 0.00626808320174645 -0.0277269407188229 -0.040395165356734 -0.239707334577186 0.000458825685931249 -0.00117276693323781 -0.00777830354152901 0.0400803641438398 0.00382141709770887 0.011426884190048 0.0654474355090978 -0.0122228921422238 -0.000976606663671697 -0.00428593850722358 0.0101445136368291 -0.0199392813274808 -0.00246951063456315 0.00517637098980344 0.00441171357089148 0.00343661946518869 0.000619693397439295 0.00320583223567309 
F29 0.000776161960999627 -0.00158304629768512 -0.000279048270540691 -0.00221198691415359 0.00259845602813381 0.000128292895113181 -0.00925400270166203 0.0114918199531079 -7.49278597973522e-05 -3.03793546399259e-05 0.0522051620249082 -0.036648648626285 -0.000684418637392625 0.000741675669950761 -0.245049066587672 0.0244675223176029 -0.0189490871109718 0.00437306372171622 0.0661707865527773 -0.00609376141911522 -0.0416199787228773 0.00312118605549184 0.33342975404247 -0.0349312918470533 -0.0754071461175476 -0.00172703261011098 -0.0906921285337891 0.0303590035271985 0.0289078081098464 0.00389323225678782 
