 F00 F01 F02 F03 F04 F05 F06 F07 F08 F09 F10 F11 F12 F13 F14 F15 F16 F17 F18 F19 F20 F21 F22 F23 F24 F25 F26 F27 F28 F29 
lhe -0.792975236092813 0.187689860212427 1.57958389762161 0.0449055367780799 -0.834798708115793 -0.544662081473817 0.271632861282101 1.63581038964007 0.746400965355201 0.502256356110462 -0.295446481033406 0.501433083527871 0.517724803788677 0.444325665658811 -0.357652391993733 -0.123912766429808 0.114150421637235 -0.0218080025985944 2.59907119735969 -0.0270100967284279 0.122403325497015 -0.00480597400847395 0.154085753719267 0.737223981393903 -0.0701067146321973 0.146969690053581 -0.253729815592194 -0.242118097245918 -0.154263913564496 -0.131980558278609 
rhe -0.343220562851245 0.345624571156879 1.34886298758912 0.0415794865696359 -0.719702323358451 -0.499224314592556 0.599876944056369 -3.20931352302438 0.930126098527364 0.238758234290114 -0.686656326377603 0.709230797560653 1.35941991330931 -0.0708641256896204 0.0120331983993489 -0.0456726005445353 0.421992529006679 0.0937826289193689 3.2947954644418 -0.353437658000071 0.217957960731625 0.141480341281822 0.0723862111981836 0.562942025053904 -0.341689796621573 0.336246724911374 -0.18499505369531 -0.342778525710601 0.0613871765609059 -0.711206501628954 
LE 1.80555568717604 0.199185169557661 2.44844260973214 0.0641239265102537 -0.785416593807596 -0.547064974296239 0.358663880747677 0.359018880370758 0.810661782896172 0.255877428627031 -0.531858597858005 0.532925211887313 0.677612043425595 0.173206790907362 -0.322309881723852 -0.0487502692457673 0.204535617310662 0.10320431530425 2.08534250603936 0.124109736571643 0.166957909945513 0.00362844099097631 0.145603761997881 0.601305094430124 -0.279806771287217 0.130637169178431 -0.316507921913654 -0.121644474792334 -0.0417550788981833 -0.351495400446576 
MiPf -2.86906730105533 0.597084935930716 2.71313233494923 0.089102284190582 -1.15626417161577 -0.628371676987324 0.617940247685133 -1.35458047652783 1.43000128989793 0.365343188078575 -0.470231341103016 0.786533766179108 0.547877616349984 1.08445144027358 -0.481066097521081 -0.0770286691797698 0.420650363724897 -0.746367661212803 -1.17027181036394 -0.389108416816981 0.510936106329325 0.195475121316532 0.288243380891641 0.673609867706745 -0.232220726232371 0.040123800755637 -0.443006694434261 0.0664914999654048 0.056237206057064 -1.81695032538134 
LLPf -2.12615964034616 0.462922903683488 1.81045770641004 0.0503418863456757 -1.07833420709338 -0.501351906458715 0.564203759784351 0.213899332731881 0.99792084400082 0.709704391904325 -0.067794791763969 0.581632511699539 0.449209257980129 1.07167323962346 -0.507094885551122 -0.12469482977926 0.255975445005138 -0.0171567299182345 0.739268628266347 5.01866233546313 0.256994870271843 0.0865837997858827 0.394319637816827 0.796750459938303 -0.213487657337039 0.0921819535095389 -3.29403052227474 0.076122995858673 0.0644174357167427 -2.11684438420425 
RLPf -2.34405362725615 0.663754310971119 2.03396957858449 0.070731538553009 -1.06405812546344 -0.475528337491688 1.78306415204585 -2.20548633204259 1.27940418593494 0.36689638867213 -0.516696903132048 0.660347720587589 1.22203260188608 0.386782206408665 -0.282374828863534 -0.0297054314510696 0.584086451412662 5.34448513552256 -0.122700982177043 -0.569427795210249 0.616470580922764 0.433615540956878 0.325289559990411 0.631976129015134 -0.292954718248264 0.186696938772467 -0.157008317137383 -0.689561645466884 -0.0332371098542445 -0.266297096217343 
LMPf -1.3910680759409 0.979663191391034 1.11187717979392 0.0555570817906968 -1.36181390347894 -0.448361205778563 0.863767123012514 -0.633127980499467 2.27173806168656 0.728366583108435 0.120830376826221 0.76324521660276 0.404393427792768 2.06455612736647 -0.554447886821123 -0.0952974777710961 0.445495299705414 -0.104295938399213 -0.439539800663845 0.732872986578404 0.714114771368555 0.029351994814541 0.69230095256812 0.785301867470613 -0.508323243450227 -0.00933371052322827 0.425892892729851 -1.34332228384353 -0.0607888569622439 4.14715128348898 
RMPf -1.36438728640028 1.08581579282948 1.08325995091738 0.0601455144271623 -1.37602786021996 -0.462588076846056 1.47784738965907 -0.991770076410997 2.76845227025658 0.549214529690749 -0.112960154414915 0.767521765567979 0.647787535531906 1.38693691571887 -0.488783489632063 -0.0879628126203212 0.571848431841798 -0.0440196055291586 -0.529410538327607 0.0739481017061105 0.959635197526742 0.0287982119312612 0.606107910461767 0.781273982926031 -0.388047496565027 -0.0698630592590645 0.117481513900944 -1.34027042743381 0.151831204187245 -0.00828486063111371 
LDFr -0.853516247020084 0.853383884636761 0.673604357065956 0.0429742402974849 -1.25836304621954 -0.176296858443861 0.823186839551009 -0.2039568026803 1.05572245914044 1.4817705728395 0.742483486286782 0.567820020404621 0.329768233812799 2.33974622453776 -0.462568897647926 -0.044296828452663 0.284191772746003 -0.0897752131969062 -0.158847512650945 1.67453461608192 0.46129636217583 -0.00609257081970394 1.06875210400751 0.813528119015155 -1.13068978630243 -0.0184048720640964 4.12283326420571 -0.768531476920806 -0.188630048106549 1.50235077883056 
RDFr -0.836756786333552 1.18151474320544 0.633214565163809 0.0522486175998968 -1.33471484204166 -0.134131425479201 3.16293368533327 -1.0392946932317 1.63655048889625 0.618705321493336 -0.111667391013652 0.715275484898535 1.20452666503326 1.05638925251043 0.0115946053202057 -0.00198365366415378 0.718404378599992 -0.772158582095462 -0.230944836070709 -0.0810088022516933 1.48056298087266 -0.228655097793697 0.688299102343706 0.782821132816299 -0.350288691852321 -0.593607398037998 0.0391344949885412 -0.195537821245235 0.668898847686349 0.641821677753529 
LMFr -0.659475194963022 1.39495535979707 0.410474210517013 0.0514492939054873 -1.43400265268947 -0.0369877478014074 0.956012334210235 -0.480718697744595 1.22523511975513 0.884788773651744 0.623233721126466 0.720110047958422 0.304474173518623 2.49911330766712 -0.439811908757147 0.0235716734169264 0.665856728929177 -0.060145363126614 -0.5425621176854 0.393544073761846 0.981052557785207 0.00809135316548009 1.20018694558544 0.86306410141067 -0.655578881450065 -0.0807145666750727 0.586324978646843 -0.555340468432824 0.330516216620267 0.501895266592804 
RMFr -0.658097071475167 1.52244667518631 0.422799506752544 0.0541924313651995 -1.44757153411517 -0.0590963822750209 1.66194136763841 -0.693926069985977 1.4583798588921 0.718851905184184 0.0327721550750357 0.713658775805347 0.683521361378515 1.62551433152152 -0.190136641940935 -0.0255405491917751 0.757249212993943 -0.184664288685241 -0.468231968381605 0.04893625430097 1.65625235755866 -0.0227048949240167 0.828647913779494 0.765719250884015 -0.368946050040528 -0.278666652522245 0.0273056652690606 1.4704875614593 3.86172445834804 -0.0274263939446934 
LLFr -0.480716989221896 0.342991328744402 0.635635828119102 0.0384459286681975 -0.846976505518205 -0.315475851235386 0.273338708404475 0.296902740567526 0.432531849649308 2.16633258301105 0.276945657578387 0.343780187833939 0.389340332912367 0.880433546866563 -0.280047531833884 -0.128064544823885 -0.0186950290215044 0.0364448573922596 0.759524969847174 0.549092950409464 0.0417150716175037 0.0443365702838316 0.526720316522011 0.576952204949095 4.64996017437617 0.0964628747340583 -0.613964133789065 0.844737242385039 0.0899382144979521 -0.327915838197863 
RLFr -0.571777059025779 0.69529049869529 0.73396535778247 0.0165407213994139 -0.937713889649559 -0.329211551728586 1.16932011261908 -1.53774211813065 0.968231191974868 0.501714772653561 -0.510153436055503 0.795426887634693 3.18002607101663 0.257507854499645 0.490067644726974 -0.113356192423989 0.611701548362279 0.324696404499942 0.714875562207173 -0.171523968877824 0.590516756259857 0.068976929174327 0.294006568971279 0.696070599189116 -0.239497155398237 5.20060970643216 -0.18628736678819 0.921791146505267 0.700634699048489 -0.802453829312453 
LMCe -0.376871460642001 1.29513343332353 0.117806419791605 0.0432427630344719 -1.19724143451535 0.584981282691039 0.494376431939484 -0.345376510551536 0.310573844502933 1.18529437446933 1.52797793133507 0.696507624742008 0.23158724847597 1.09619733709369 0.0285489522732141 0.332831704643138 1.10752264029565 -0.0675183121170404 -0.594340322378323 0.248070646336891 0.815789515403359 0.0360548201194798 2.16679948104434 1.01701353395155 -0.77881707146974 -0.0934933367895265 0.144883003183327 -0.290707222190414 0.756584768182313 0.143674927794163 
RMCe -0.357405207243838 1.42220201015389 0.144202433916117 0.0480753224543651 -1.24410300373971 0.655598881562996 1.05496457629687 -0.589078322960489 0.543262079136555 0.809817367657427 0.496719780344875 1.10035298236181 0.784630847352263 0.626632491568079 1.35528541997429 0.321585246668408 1.50343796724957 -0.134637599127387 -0.521705525621025 -0.00933609825522756 2.36201752187266 0.0551125127920696 1.19753398702355 0.879572156622614 -0.385621342537602 -0.391929776399234 -0.171396272293321 -0.47153772292901 0.983610467739874 -0.0429860272917864 
LDCe -0.388310278860705 0.869035598250665 0.171545685136851 0.0391174787803692 -0.914906048360609 0.346734084016966 0.373702016709061 -0.174531636670788 0.253044099079506 2.34308415896168 1.52775285012782 0.333805109747651 0.28466539731946 1.05022513109827 -0.0508325876843209 0.166243411384111 0.439609417831966 -0.0197066550844301 -0.365918977851052 0.380951275856493 0.420641619402827 0.0536346002713667 1.61049053296351 0.892048789831996 -1.75523619869229 -0.111023907761976 -0.0665110582425679 2.62795776677497 1.05468626918638 -0.0245121256456642 
RDCe -0.40816377838143 1.14316376607652 0.277055775349079 0.0477580305542881 -1.10821137121764 0.207617305161078 1.47887523552481 -0.830985059299498 0.799139972030043 0.716767164568925 0.111028800137285 1.078971337681 1.85107890822496 0.501927819346292 1.84975921552511 0.12419657805097 1.05109386872175 -0.182299779174921 -0.240903055368383 -0.090733604246838 1.98240296343956 -0.0265675302264101 0.95142128167557 0.81396157565245 -0.351458016514561 -1.35207718469531 -0.192383290654814 -0.383901092353771 0.891160794923085 -0.171062559026202 
MiCe -0.414299154434691 1.74303588456921 0.15962292467531 0.0491930041634 -1.46091032423676 0.324539894304467 0.73527051907791 -0.471178597942125 0.518443040269578 0.768283888624027 0.559408703048657 0.838168066862838 0.290548403808655 1.07893596575374 -0.126027744718077 0.136819896356854 1.26293494903774 -0.0864102329083747 -0.612544850008992 0.150733040498759 1.385016048458 0.0224954769118517 1.2439096190062 0.830431576983389 -0.468709976298425 -0.179361680989257 0.056168674722274 0.404228734143611 0.575926972763199 0.186317275800184 
MiPa -0.268147781383358 1.46778858958512 0.0245590768040316 0.0416943477957189 -1.22542725377825 1.22726236546008 0.450573587795519 -0.413260502532266 0.0947098836579745 0.951592266040049 1.21309772449846 0.996276785718036 0.30038427160039 0.414004529237072 0.523495691531166 0.656574788232217 2.35898674532807 -0.0871635816043769 -0.641473287794447 0.0414373897623456 1.16345312666658 0.0638841362427805 1.3491923758394 0.959793802170189 -0.441773383479261 -0.155603575928663 -0.176539209322217 -0.405524780749045 0.954942874712175 0.0854473250404701 
LLTe -0.183399882004771 0.469695302187212 -0.0629584896168361 0.0229900130824139 -0.0128451603531084 0.457842705121934 0.118603353415752 -0.071877932546731 -0.0827037409491022 1.45502882204305 1.17483899332038 -0.252391703372716 0.230849541160184 0.284126325284021 0.127363873229939 0.231102954075648 0.222359997811761 0.00658557156953432 -0.329068818172625 0.1802998298807 0.136003294074058 0.0617690967037277 0.668203784510619 2.92689503076322 -0.198794503203819 -0.0569886553131116 -0.313894286445582 2.59330368773757 1.07744535020815 -0.161349173271162 
RLTe -0.193562083798623 0.817942380069749 0.222464971182647 0.143699142448476 -0.263046515002603 0.314825345368285 0.833910957392606 -0.87874243580099 0.525653138875488 0.595660090542916 -0.142324632708062 1.55154667357819 2.00744225789708 0.0221491392768502 2.03492109353514 0.276072858902655 0.999670210206326 0.09441283308403 0.17734629658029 -0.150165795707897 0.772768233001774 5.42816417361783 0.578239707279514 0.887035007391348 -0.246171175065763 -0.113253229858546 -0.262209810678268 -0.0166717161511222 0.601772454534121 -0.514651594989705 
LDPa -0.234144953870257 1.00394396943219 -0.0198820760935052 0.0330510215905041 -0.575780226918466 1.20634097247274 0.264621123964872 -0.2784010908726 -0.00760837984601453 1.32686937242772 2.6906953838026 0.463702490464424 0.277832194816428 0.370119641675802 0.478076840124968 0.819617526890078 0.938892472712072 -0.0607677209949624 -0.583213827998915 0.0931643720824889 0.619055977742511 0.0658090710597445 1.56713989242738 1.34039598693863 -0.638512466831186 -0.0658567496858282 -0.246866519522309 0.0786920334322205 1.02711754153979 -0.0195520520986608 
RDPa -0.235026876481335 1.22283433046209 0.0778316298224824 0.0527357681027892 -0.742235600314823 1.26644052262731 0.933273143375348 -0.582098462462839 0.3612697067594 0.86574590920761 0.620112311209699 1.50705040355123 1.0052234363973 0.17272943009749 2.89871926282296 0.713479963144835 1.46521837634909 -0.0606909433716512 -0.382750628089184 -0.0614609982436898 1.67491579285345 0.22871591138214 1.07423675361674 0.923461437609101 -0.329393567088995 -0.331617459787043 -0.249278286668349 -0.276353940884736 1.14140226047012 -0.184822307458393 
LLOc -0.100204434567275 0.852197538800132 -0.0491076044329557 0.0304920346772705 0.943900617446193 1.73172437418748 -0.00733143309748618 -0.275731075875634 -0.102741228529146 1.09841373002168 2.04452873827788 -0.465375529053358 0.404061295281625 -0.0774062274092406 0.556286861381624 1.78172296036908 1.01295569002258 -0.0561840790473639 -0.408681926892554 0.00395885041448972 0.572313253175973 0.0806043676373912 1.14907190538522 1.24076805583853 -0.291127074306364 -0.0549221013819109 -0.256467402360993 1.24292684137901 1.02015184655274 0.0432179786875576 
RLOc -0.0914940910824435 0.994493417205443 0.0446706954369132 0.0576961059102882 0.686046553577951 1.84395962470631 0.542585634858402 -0.494203737799365 0.151930551150319 0.874233937971718 0.454856028419812 2.6667729615834 0.854349454240679 -0.203812010460869 1.99789644601905 1.8461930891973 1.31828689963826 -0.0209442879074298 -0.236672169166332 -0.0817083301381361 0.879966872471128 0.285894593683705 0.964291094874137 0.96463002509175 -0.288025334159615 -0.0747082854895818 -0.242827376488131 -0.214387439771816 1.05009208406798 -0.184352731227713 
LMOc -0.170790492464233 1.09620912131757 -0.0502896990344869 0.0372663264713529 -0.443307121482197 2.20806954821785 0.210561035489527 -0.348262673237856 0.0134538695353874 0.976722536435276 2.20559734322377 0.731429577194116 0.419646031968034 0.136408033713807 0.806797508089003 1.82900579384253 1.72884570400105 -0.0399827585572396 -0.49465775229345 0.0374304245058038 0.857675704505756 0.098636543730375 1.50256545905831 1.0673357402164 -0.327768934379553 -0.116950316394195 -0.211642409109284 2.19906491020234 0.95984450251592 0.0453880191032243 
RMOc -0.168054674350763 1.18722055051403 -0.00270392358657387 0.0434449396805272 -0.539821914750558 2.33280634266697 0.48882760055638 -0.443849293404772 0.108726656194326 0.960795417065134 1.04773659284816 1.55684340401835 0.617816145270678 0.0188455263985472 1.7487232706459 1.65886742303913 1.69793456808377 -0.0570236468128086 -0.467827964585539 -0.0422546343106564 1.21064943624364 0.153921235671826 1.20053327781981 1.00239901392784 -0.333627413594724 -0.14065198174044 -0.271091052290173 -0.29244358567651 1.18732331425214 -0.0353763902913018 
MiOc -0.0493005463984135 0.932385318180369 -0.0381443182540416 0.0424249601101839 0.389928343163554 2.22756776124979 0.0631809023950561 -0.357316175413022 -0.0808479240632971 0.888791064689474 0.980031291049684 1.53398870097373 0.512925233610989 -0.296213333510527 1.06364889702012 3.88939765246306 1.27408252247649 -0.0382827771002145 -0.364453092223439 -0.0384581459697128 0.717448850948112 0.116963603207173 1.12500057690768 1.01610910360909 -0.295444886575983 -0.0515287737059593 -0.252801644845931 -0.225262381316779 0.931347041768062 0.0367211567487578 
A2 0.0725207435773315 0.350969329882244 0.35365752279053 5.46914191518948 0.197946079593233 0.110795127099085 0.410282272181569 -0.96906662634164 0.18562023619226 0.135604958713231 -0.548629649812353 1.2329587089937 1.10738426174123 -0.317391283263222 0.640157910951865 0.289093246006743 0.623418050351763 0.00180791496921028 0.951828841163456 -0.191406873526388 0.255267573787207 0.107874379377748 0.224931021672581 0.336444097553574 -0.307634277610576 0.267487113234972 -0.235806958425226 0.0184845644961991 0.136744220970964 -0.409393808693682 
