 lhe rhe LE MiPf LLPf RLPf LMPf RMPf LDFr RDFr LMFr RMFr LLFr RLFr LMCe RMCe LDCe RDCe MiCe MiPa LLTe RLTe LDPa RDPa LLOc RLOc LMOc RMOc MiOc A2 
F00 0.436913494127609 0.272046535688999 0.146857414822675 -0.0318652809516333 -0.0374370343681085 0.03478485122422 -0.000945045093143095 -0.0864592390905304 -0.00878187235297898 0.166016643557287 -0.137339005791515 -0.175670842313887 -0.0714246520442258 -0.00641720402358793 -0.014861182803715 -0.0576680154540318 0.0432054654729268 0.0286566141575354 0.264537728748739 -0.154903564329724 0.0889538370152602 -0.149217298385053 0.0429572394709212 -0.00524146810254989 -0.0407382552259507 -0.0395288232236651 0.0141502752331344 0.161650273791472 -0.00319340119193029 0.0852412312337207 
F01 0.157974215725072 0.0827550235987139 -0.284548599731534 0.0646151811415573 0.15981927422093 0.0107970065403373 0.00229254143912191 -0.0459931865763792 -0.0364043032536157 0.03039465479495 -0.0509365675880205 -0.0613692163220561 -0.073054577122797 -0.00974459727351113 -0.00470765173824311 0.00716059820050062 -0.0143336505609164 -0.0127805705974347 0.0918329422644201 -0.0163506028503696 -0.0282829068097844 -0.0300400975841195 0.0124722982020982 0.00921318600383276 0.0130303984405007 0.0133601875287938 0.0128315683740617 -0.015362944386113 -0.0122887300149725 0.02295270094602 
F02 -0.137422547640322 -0.0798020687995447 0.00503044529239497 0.0277577109884533 -0.0289488269290817 -0.0291120013187007 -0.00872539466152296 -0.0257915696372332 -0.00431141339522303 -0.424226957156602 -0.554018291091321 1.58773615476591 -0.0414215520815438 -0.00541983192830131 -0.0607639643767993 -0.0447793540962804 -0.0627268984826254 0.051104194652801 -0.0393002988226531 -0.0954842534359334 0.0464032763141946 -0.00726669498054626 0.156935609434231 -0.0334107407137305 -0.0591205958491078 -0.00115482371387588 0.082721788630157 -0.113407577603583 -0.0185474391168387 -0.0257332323415315 
F03 -0.0443985424511688 -0.056545324759168 -0.00497816114552092 -0.0040273397757063 0.0138250235293005 -0.0159455235169608 0.00166856851482945 -0.0142740625214068 -0.00300260554105113 0.0651998647557762 0.0442026278455209 -0.0488418210223475 0.0108004887788725 -0.0249797404379667 0.0113224613388489 -0.0206918365841435 0.0218596922275637 -0.350229004841689 0.182213167648832 -0.306165951761251 0.0472376790095283 0.680778763651922 0.0164331235317066 0.0233712691631708 -0.108807314175979 0.158787482652508 -0.0222920815362916 -0.00137379228988984 0.0469422670317927 -0.185634226167312 
F04 0.0278070831740859 0.00568874093172381 -0.00068810684963282 0.00549845649667042 0.00703094111136899 -0.00198526854244323 -0.00746925080043865 0.0576866416566128 0.0104879477723274 0.0267335067320482 0.0667660725091749 -0.0760094315142013 -0.0279369400522638 -0.00693271203398038 0.00142075616207427 -0.0492068404581666 -0.0638198920316141 -0.0725587622786348 -0.635803844780718 1.3270000564028 0.100545636935181 -0.143160410029629 -0.36879290869339 -0.00495431574958955 -0.0241657430049186 -0.0174022801574686 -0.100041852051058 0.00647814146323498 -0.0202928738424878 0.0113490554742135 
F05 0.0155696311565986 -0.000451709779118051 0.007381839788117 0.00168059767612959 -0.00338319114024335 0.000487560849608585 -0.00779934775217509 0.0164051782682833 0.0065765742041263 -0.0211941473677104 4.86287378911046e-05 -0.00379383277839993 -0.00144430888598527 0.0053160536207507 0.0206373025958974 0.0133737140333903 0.00566296613571369 0.0702552878644969 0.027249034972002 -0.0516955864160217 -0.0482422723142966 -0.0993433065231271 -0.13019247551548 0.000252884018455378 0.432893470933911 -0.0202298646161891 -0.063217805864144 -0.0395706763449682 -0.00909831595553923 0.000370966218902466 
F06 -0.104998101854703 -0.0373115759488601 0.0278991184395252 -0.0115065602267034 -0.0127731509016783 -0.00223519887871947 -0.000859792178663087 -0.00574557411034497 -0.0497567734970511 0.0965340300544086 1.12164021549131 -0.76983490490393 0.0672524515921142 -0.000568312952203539 0.00200987658176846 0.0286774605698134 -0.134700960675485 0.0349750436593455 -0.275655757184657 0.120236922621397 0.0460993370804434 -0.0220520110070081 -0.0777377136891476 0.00710820260366407 0.00288452501470439 -0.0040671937939228 -0.0649621638854116 0.0524361358395127 -0.00291522549518646 -0.00208649241795289 
F07 -0.0578877545559322 -0.159379851366681 0.0588701314782127 -0.00802436422909379 -0.00756596882973567 0.0993585098564213 -0.000313161169334406 -0.0110039606086074 -0.0131031364452499 0.330808455583785 0.0182859979111837 -0.312307187674125 0.0165695759527398 0.0174145101673822 0.0100922773027046 -0.0296664703106637 -0.0129864235566324 -0.0976292021879242 0.14551044603618 -0.0337545094425556 0.0179587840566426 -0.0223457898921987 -0.00316615678274171 0.0102971598464021 -0.00961867839178814 0.0052575530655476 -0.00234703776323567 0.0198227430074432 0.00401200701471529 0.0229500182270643 
F08 0.0107517304419759 -0.00714680792035671 0.00811109029887831 0.00595019778509998 0.00775376574091098 -0.00240448212395029 0.00733977518213087 0.0100286435818653 0.00741751390419613 -0.00928736763096848 -0.0495388827448854 0.01831988530558 -0.0285668350861441 -0.000116547223688034 -0.0398528050369606 -0.000651344220037152 -0.155562477676133 0.0179162112591189 0.038300977609072 -0.297417971833392 -0.0954795254476207 0.0126640801510953 0.660285833098212 0.00707429144133624 -0.134860827262959 0.000714800481804705 0.0463693957932798 -0.037255746428701 0.00530607061600743 -0.00688752483218372 
F09 -0.0263819585100253 -0.046380844880951 0.00967574411680624 0.00388862098610375 0.0071842232424145 0.00326367771823395 0.00159325310687704 0.0288934922015534 -0.00605075356755825 -0.130093555955468 0.158740711503395 -0.216619910884491 -0.00634304317261353 0.0203588523381199 -0.00950286191577084 0.153844731685324 -0.0579303504622384 0.486998304821161 -0.0887793482920626 -0.174602173301219 0.0132684223663083 -0.132251151013653 0.0498322252162679 0.00167538436053903 0.0192935055560104 -0.0101847614777954 -0.00623892948574276 -0.028953431472244 -0.00935218764131038 -0.0108794783783981 
F10 0.0152765032348005 0.00569451049772028 0.00283872466624057 -0.0220988770746664 -0.0233071768086121 0.11191000581281 -0.00276453334511055 0.0112809728021544 0.000731431404614257 -0.279200620262971 0.000855965348019928 0.195586160062417 -0.000522238219263871 -0.0337692823940134 -0.000799297219122139 0.020885764779478 0.0146305828311604 0.049565127481806 -0.0980161065971916 0.0390892738197762 -0.00107347458394709 0.0442971537081117 -0.00781149965796382 -0.00739129091946376 0.00530305681646263 -0.00587635953823316 -0.00192262294701563 -0.0214827945654998 -0.00440557468604157 -0.00733585255879373 
F11 0.00187866046623845 0.00704822485230351 -0.00279829240022284 0.00362377094044944 0.00109371464869906 -0.000362485827372454 -0.035699099800685 0.0018645218842698 -0.00208876505696433 0.0166531686106183 0.0152205610696217 0.0496298062198277 0.00562030959034546 0.0010818525416365 0.0712409606980927 -0.16258484418117 -0.0178386420908172 -0.0278234299214501 -0.0189347460341464 0.0390340356137823 0.0132941406080601 -0.0430373879906921 -0.0458763774410484 0.188331936705801 0.0117668385388815 -0.00670441482296736 -0.00125674743195355 -0.0582946203515473 -0.00872634184697322 0.00382350347738546 
F12 0.269372563683788 -0.150970514842341 -0.0334968085640321 -0.00305676575566657 -0.0213834430728902 -0.0109393413412609 0.00368054286349588 0.0105672862249116 0.000338321782554217 -0.0784764197508486 -0.0384621163106375 0.114109303109152 -0.0502637548089847 0.01385039300984 0.0111773230911694 -0.00889446177130235 -0.0406564228362471 0.0464686165055227 -0.0246643008945769 -0.00690664272837872 -0.0574001072389027 0.0231712355717335 0.0266843080710739 0.00678363104664379 0.0216212078655381 -0.0131049664558496 0.000958606266934746 -0.0108709638382735 -0.00643729814353579 0.0289955025008924 
F13 -0.0719588972271352 -0.0714066534327682 -0.0177379475918608 0.00978671871063242 0.00892425539854527 -0.00288864592639153 0.00128249220973899 0.0188898566574972 0.00161197891599463 -0.0336737267683742 0.0182897206808648 0.0279075902031554 0.0120137578833303 0.00154951118510641 -0.00343957107038197 -0.00300453244383006 0.0158041348623713 -0.000843884999937449 -0.0553729849237293 0.0486780570450871 -0.000885590865941236 -0.0939247135057173 0.00240259436580409 -0.000380853459808196 0.00929126949234003 0.00286463157791433 -0.0204659816151358 0.00152270433093235 -0.00250612424257716 0.253724290714505 
F14 -0.00147336436439189 1.64568047289805e-05 -0.00134805680775231 -0.00835449617552611 -0.0226036409139154 0.00185069791319159 0.193466108340592 -0.109829811656979 -0.0097956234068794 0.017450989458066 -0.11021148627852 0.0221659388604806 -0.0112611465271943 0.00149202670578968 -0.0146097369462005 -0.00544530386828587 0.031477910137331 -0.00658108470720015 0.0257510280037586 0.0265165256369447 -0.00514949944691282 0.0063295006900091 -0.00203204815554937 -0.0158313551743634 0.0111732058482456 -0.00227767556816249 -0.0308593674338841 0.0237978504177831 -0.004635360802863 0.00198947725794398 
F15 -0.139878858816089 -0.0215943602806676 0.0121178878656136 -0.000598989374630362 0.00691830304323842 -0.00398425638337247 -0.00213853009206606 0.0358961249188403 0.00788852891459159 -0.0400001363006835 -0.346153965869429 0.190146027866303 0.101746926577924 -0.00169640066045702 0.0211445685997352 0.0242537646746349 0.50310906268253 -0.0193592144874088 -0.139253643582465 0.124877289955716 -0.0916132215297573 0.0237454858213185 -0.176489940325578 0.00951636118320067 0.0430779892666633 0.00754872246104844 -0.0320147168649415 -0.0755027637839989 -0.00221653684160141 -0.00361697114187295 
F16 -0.0222784201599525 -0.0672620089435895 0.0122069530360292 0.00343111825116983 0.00853351243292163 -0.00508825457383858 0.00195012455208887 0.00535051588781038 -0.00137151913235207 -0.0436815390788939 0.00703939172906737 -0.0139363848149925 -0.00787570459230357 0.188990694857573 0.00598018546957739 0.00534495117727635 -0.0103207033819351 -0.0522187321773989 0.00893126470016598 -0.00235015330806645 0.00375109511377144 -0.0451857964224101 0.00902093980812843 0.0025310096586807 -0.00193377633847392 0.0101694840483308 -0.00926948871997067 0.015900165415283 -0.000662485625378989 -0.00852762782950496 
F17 -0.00352196378198988 0.00219455395936851 -0.00361476939810576 -0.00433898814250728 0.014530754377414 0.00518412941762208 0.000790529691510999 -0.0081996130053217 0.000293011482094579 0.0680013424456405 -0.0212112303737535 -0.469444425025461 0.00339394277515343 0.00311400147733623 0.00732142479143261 -0.00289670692042366 -0.03427150321716 0.00249312260120204 0.743959603481556 -0.340882010351478 0.00623911469346709 -0.035220123320375 0.00933175008066377 0.0037386241056735 -0.00574318395118467 0.00330812095435561 -0.00813272018681107 0.0526849484444753 0.00997097580317721 0.00306935139640793 
F18 0.00483700864094379 -0.0102246706560124 0.000394217419223819 0.00164076309059333 0.000256629950614543 -0.000420026406337908 0.00115097331893203 -0.00365933850787324 -0.00246391969874562 -0.00346642940952044 0.03148763087161 0.00513519852491164 -0.00770656138682606 -0.00258113866075977 0.0195094835167466 0.0278097425334559 -0.0320211735113321 0.00792096962461601 -0.106526668958255 0.125351185329558 0.0220750040924312 0.0722622666447304 0.0542292948901302 -0.0162787761809858 -0.0961677031286941 -0.118196174130204 -0.0780445710960327 -0.074636234073087 0.189427598360392 -0.00746272755364988 
F19 -0.245502364645972 -0.088927474046786 0.165695631176248 0.0104375635852261 0.152558223303163 -0.00622725277337272 0.00558821693103795 -0.035176285510086 0.0218559559481026 -0.0506945112542076 -0.0994443751359488 0.101939511987085 -0.00322013302840741 -0.000290753167123732 -0.00552967721676053 0.00309243999585839 0.0213791509997946 0.0081897382287963 -0.00390787289452239 0.0342325654103586 0.0290490310715082 0.0240008637906011 -0.0492074509371125 0.00454884028238817 0.00322353431372516 -0.00254898620405942 0.00762054371211734 -0.0309338895938118 0.00385523146700964 0.00538332058358196 
F20 -0.028257446450519 0.000761429359985428 0.000595703862017201 0.00426504876097705 -0.00194859033557674 0.000264918308606361 -0.00447126220519976 -0.0081760459737953 -2.79242013523106e-05 -0.00843982898201149 -0.0298704497584787 0.0535597068735512 0.0140665272386871 0.00359114121381865 -0.00796201145960421 0.011991572247932 0.0755380285125885 0.00801309521934156 0.0603490892131262 -0.342242868685878 0.0318658069768202 -0.109053044887509 0.00970821304062666 -0.018416920199996 -0.0254743399336978 -0.0232948794611842 -0.0472578058975479 0.385328954654357 -0.0170037057284959 0.0172088914255921 
F21 -0.0155453342802268 -0.00468719670588688 -0.00036426331625129 0.00425190455180988 0.00671889794356357 -0.00140479849197622 -0.00240985149553228 0.00042561409082197 0.00138838291857895 -0.00896672033009231 -0.00281562871216363 0.0186240154519458 -0.0362218440159068 -0.000270295654671098 0.00729296537013044 0.0175208355217506 -0.106651857966948 -0.00370895759859235 -0.00474863867197035 0.0340180693235454 0.332880630209461 -0.0193416339562863 -0.0720486072321762 -0.00293946757618932 -0.0971514538409176 0.00899829458274795 0.00130649423033695 0.0100217497019813 0.00419995351056435 -0.00589381510716868 
F22 0.00364875582289282 0.00736707659208572 -0.00263679316171147 0.00123774270289215 -0.00885483947007957 0.000715447918976092 0.00439236241176433 0.0361969550069575 0.000845462310276249 -0.0386795008976608 -0.0185456681340328 0.000609246767933626 -0.000333495055645892 0.00902890401775561 -0.00812196106172628 0.0454061282564664 0.00684278416558144 0.119346826640885 -0.0649435118725928 0.0611634170197851 0.0106006182378257 -0.259001045525892 0.0187402667687094 0.017921869526375 -0.0281196901774646 0.156307164271899 0.0231517335723677 -0.156825414447781 0.00971409119131615 0.0495834139321257 
F23 -0.00377074279516226 -0.0181083393590187 0.00593737594862033 0.0126303099873635 -0.0429536281126985 -0.0215731196680033 -0.00420814295941238 0.330399053067934 -0.00380710882084154 -0.0430782115649996 -0.0953263327472089 -0.324884257860536 0.00301207468505235 -0.00533873272953995 0.000422273736132779 0.0281235343800933 0.0228629546833393 0.000338692383775292 0.203046238455871 -0.0308847072613451 -0.00294437437676282 0.020471743703881 -0.0186706341103569 0.0104438355664821 0.0107432121663515 -0.00780848362737422 -0.0129908196903216 -0.0147967661876775 0.0012289037374378 -0.00349987383955235 
F24 -0.0114574116525456 -0.0384512087721211 0.0193940129982896 0.15900494760797 -0.0795569668361926 -0.00479598474262666 -0.00443654112367333 -0.134083639698496 -0.00700078305133658 0.00381446276471827 0.0174886753840676 0.0493451039790698 0.0165483192428531 0.00103610370835597 0.0100791725496786 0.00291272944761463 0.0167339085071319 0.00861793867143288 -0.0100419464627651 -0.00297572311004159 -0.00543907221961538 0.00488880144963028 -0.00430192410666012 -0.00724800004316266 0.00340867929034367 0.00211989757790266 -0.00766289730039084 -0.00220191708941614 -0.00137262325608528 0.00443307907069647 
F25 0.00829653874322133 0.00521928116946594 -0.015042028123297 0.00621927996278458 -0.0427522138130373 0.00244151705488767 -0.00314590525197017 -0.0223057094303504 0.226508691562689 -0.00223843578243493 -0.16019612393411 0.0456525841616436 -0.00225088680551817 -0.000181360347641634 0.0206124264077402 -0.0013424744340632 -0.122074823513711 -0.0048793378264379 0.0282019988138065 0.00847397413591259 0.011375154289524 0.00363037224487207 0.021018113003605 -0.00284250331283985 -0.00125629634377956 4.03009320167597e-05 0.000763431239087011 -0.00823615804520384 -0.000279520558282182 0.000205038562046218 
F26 -0.0984868676038525 -0.010660970626299 0.0109661513803015 0.00300755768198575 0.0036329313202327 -0.000764777516949655 0.00579742219814624 0.0048133250458154 -0.0158757789869578 -0.00793458483372906 -0.0158879641871368 0.00135803746050795 0.194196364060628 -0.00130510636798516 0.0138687389060043 0.00294769866012288 -0.106746659235597 0.00546225366689334 0.0224926969896883 -0.0214116075061411 -0.0345143873167386 0.000163311118870934 0.0335916678063813 0.000512539448455326 0.00383953445327654 -0.00502453417475125 0.00412676256376173 0.00386068224750128 0.000891114054647275 0.00202758124232512 
F27 -0.0110174912141343 -0.00535576446973141 0.00068936585658125 0.00300426590753773 -0.000464282413310026 -0.00077880081774187 -0.00797908152098828 0.00539311500781294 -0.00372481987389286 -0.0034592249190817 0.0205712761815282 -0.018282003817401 0.00485552021162836 0.000487098126843264 -0.0133328694275557 0.0164410470693619 0.0379919198490214 0.0194889660572871 0.00991138010220094 -0.0563898432971904 0.0319969713719263 0.0212739579260043 -0.183471128076075 0.00144212278545686 -0.0402188952850185 0.00640171622835418 0.325036013761232 -0.139623481144064 -0.00929649084330616 -0.00884708862893849 
F28 0.00973347761029469 -0.000433020745790658 -0.000477166652062474 -1.94155923045119e-05 -0.000892761494753602 -0.000465332434374915 0.0074165173280005 -0.00054468724265793 0.00304720489172272 0.000257023385128799 -0.0338760052845265 0.0231802466010166 -0.0050801489105558 0.000226646350424244 0.217565089000322 0.0019462184592362 -0.0704623253629788 -0.00358571796886545 -0.0662917080042048 -0.0477116694032484 0.0220957977057981 0.00756018163795013 -0.0786719260628962 -0.000418204266525807 0.00490501290966992 -0.00217820419666135 0.00522223880970284 0.0115439873906411 -0.00112414802368507 -0.00233552775323396 
F29 0.00129737752203283 0.00669954325226979 -0.00137820489688403 -0.000454351295364525 -0.00113617940710343 -3.21804376715253e-05 -0.000417724117145785 -0.000639428233604141 -0.00102527534612319 0.0173663039093615 0.02336223661074 -0.0305806109998741 0.00151667957325635 -0.00141491898520164 0.00108458348006647 0.225809135265447 0.00210070748190222 -0.113689293999517 -0.0682153027550719 -0.080938696784695 -0.00114228563318346 0.0118631551618605 0.00674465538118159 0.004348899531714 -0.00246982313723924 -0.00364769562044308 0.0226640274424714 -0.0216211134921632 0.00187305222070385 0.00218790312603084 
