 F00 F01 F02 F03 F04 F05 F06 F07 F08 F09 F10 F11 F12 F13 F14 F15 F16 F17 F18 F19 F20 F21 F22 F23 F24 F25 F26 F27 F28 F29 
lhe 1.21371134914657 0.645871897725097 0.178265642372791 0.124547158043005 -0.0612423266620222 0.0528793517244624 0.659680145901524 -0.0131144458870096 -0.056955150466217 -0.317513594771727 -0.0162077865387936 -0.185637591206272 2.35601805425921 -0.685408065671945 -0.0834724901042064 0.541946331407031 -0.0236278460020207 -0.315279277503115 0.0681683475457061 0.262374821426787 -0.162212780030619 0.260773649696337 0.373894675631792 0.344158091275833 0.0117359403652905 0.315367109178518 0.901788646320249 -0.0548344495896311 -0.105435068444383 0.191436100779585 
rhe 1.41514630627288 0.632685674199732 0.347662867316592 0.316243027137301 -0.0597000117657446 -0.071056836652283 0.0542516037780003 -0.83145567434182 -0.399557982123899 0.439116359646106 0.129153064815631 0.162678873388551 -3.25784261765552 0.296413746573177 0.0846282253681409 -0.455440307254474 0.466759451656586 -0.683017034863358 -0.0287314786163983 -0.516185235755989 -0.695477904319707 -1.06527477631808 -0.256334698113245 0.525066000652118 -0.115204380549581 0.248880768712511 0.0802148773637443 -0.198876123406168 0.31435164890675 0.156003300755651 
LE 1.45151331120791 -1.27461998872987 0.102575214179514 0.0688979305280057 -0.0996827667435225 -0.0758554491639879 0.324791546759113 -0.0179565108260028 -0.145714208573904 -0.224918548541231 0.0820488261115293 -0.0753595723838724 0.470917059200414 -0.504795902672619 -0.0830949521170997 -0.385207037241546 0.0212585184476362 -0.51025864083453 -0.160768602636749 2.45909151536863 -0.400115632066931 -0.7153896578471 0.411497998136337 0.746014546892518 0.684394791244228 -0.254322944169908 0.145662405612502 -0.25652788472637 0.172578952154082 0.40422333640202 
MiPf 1.33710698647219 2.55186687065004 0.964424200286534 0.285022918790282 -0.010464522951025 0.098083378551643 1.22300266432992 0.705187281007491 -0.00321194471272262 -0.016415180425935 -0.0538545840140971 0.0245611942908515 -0.52038207055062 -0.507120078754682 0.171090998105863 0.0416137861689386 0.285235469701741 -1.38037420786728 0.290310232205592 1.84739249673861 0.330554537576999 -0.67242865011589 0.267393307925593 3.17321513207321 5.04499200160701 0.877585061149275 0.500858874667689 0.148948098405119 0.123594449552951 -0.164765243764971 
LLPf 1.30153934336154 2.96048536854093 0.582229482377256 0.218203639644936 -0.0100417703188935 0.101957757423946 1.37632852870591 0.254463268942833 0.22340168051098 -0.166752354314406 -0.288225305766685 -0.369694650947704 1.10687053432023 -0.717976423910664 -0.257182926851903 0.806113908519814 0.155779477115687 -0.503275889356632 0.164628107324933 3.74333323874011 0.146014643387635 -0.162085002880636 0.231873637755017 0.558446844375082 -1.26015246727899 0.501922181069977 1.29593018927947 -0.115467549660593 0.293142266384188 -0.144467319809537 
RLPf 1.36184560010651 1.90970963362919 0.924127692254126 0.367783124864376 0.0583211269656122 0.0674939047847694 0.588280221180871 4.26006015851165 -0.279441747723082 0.740704438024667 4.81730113853172 0.0696127002465123 -2.05720056772094 -0.221622122927754 0.169001544900226 -0.0324357624559914 0.801710439088667 -0.91203994622754 0.235310923574591 -0.169346037355158 -0.0784493323948622 -1.15991081103491 0.0139061597144998 0.824062203966854 0.140445435243961 0.840181983945748 0.173869401284859 0.00799888136010807 0.177955451807723 -0.0492434306825011 
LMPf 1.13143550329128 1.370718559874 1.36401043156086 0.40339305120162 0.089313223925883 0.208546831832368 1.90650450853197 0.665498082151017 0.243062504770286 0.132956289829097 -0.222328556082446 0.314346445011819 0.0724303854782732 -0.207243307393622 5.29539475300268 0.48541341385784 0.106802959666122 -0.615472565400189 0.370523686740555 0.751733442604985 0.270463934616223 -0.639139295489121 0.406610725492047 2.23874290987066 -0.450626998499816 0.954671240968517 0.52979145136672 0.65404918011498 0.627624796713217 0.197860961870801 
RMPf 1.14709753621901 1.20572778714158 1.57287652413356 0.462024628588176 0.177488146787522 0.207256407944509 1.40563880168672 1.24010805875829 -0.0183944269283004 0.314182269335943 -0.451932958937767 -0.107097405648118 -0.45598943973155 -0.0326818686206697 0.103135621589112 0.389660392669711 0.125338994258069 -1.05227814674479 0.224927200210576 0.183086049554635 0.29054695758939 -0.836402555413049 0.176102331474852 3.37130360404642 -0.767999103689478 0.67576127074354 0.20489449063494 0.146349890945139 0.487417057242605 -0.143508760874668 
LDFr 1.05939394999652 1.02779754784144 1.07576992905625 0.395166340925187 0.229692019166078 0.301919765228005 2.06231142210536 0.371076543717054 0.468243090503459 0.0922511945468795 -0.271920843566591 -0.0504647526492351 0.400086495955472 -0.123991890005188 0.142906774744263 1.72372645841812 0.0789028801865138 0.255327891374158 0.208571165123745 0.748403332874617 0.403081520146163 -0.432787924446333 0.0826243447190949 0.559830321720674 -0.536552023741146 4.93854297718573 -0.447718016974625 0.422116460255874 -0.134685838153939 -0.0298964591991343 
RDFr 1.11712392039586 0.830494706980068 1.40897509636195 0.639945573893761 0.391590215573854 0.206984625336044 0.770200193513228 2.2745272432475 -0.126119257153511 1.16774148308251 -2.08957624008304 -0.0482834530061886 -0.990757643993892 0.144593339196007 0.0731214356018011 0.476907492097983 -0.372331559714896 -0.542014451589101 0.106318168476066 -0.666724678046914 -0.253455191451873 -0.907617929485467 -0.373767242344583 0.320490325527811 -0.501049152908056 0.573277874154596 -0.0234322336954792 0.0147752840504041 0.34597406068065 0.270228294802437 
LMFr 0.984954802127617 0.756734477411768 1.54473604660647 0.527384995514737 0.472733262137052 0.38344971227835 2.12765509849339 0.514760506958549 0.386140619723899 0.269591520572215 -0.288401540196401 0.0239067714951129 -0.0475168343688351 0.14151681856484 0.112666227554827 0.907424125826766 0.0814843133019452 0.692440009404959 0.195724496045122 -0.144546968658566 0.0801672895663386 -0.689227401577194 -0.0600257829199369 0.307446730182893 -0.276690651800502 0.625791087972835 -0.301221802492184 0.352682402352165 0.372016035738012 0.216682938513951 
RMFr 1.0175243593508 0.721053021295884 1.8051027111164 0.602782499105268 0.514123662484835 0.325172583267753 1.17615398352411 0.887379693485024 0.0409851582169486 0.5650240644687 -0.609300663845632 0.111787063296156 -0.281572097883003 0.182291473999903 0.122473976099095 0.629786867720545 0.000710377457137217 0.262465632223674 0.207663844185783 -0.24948081469996 0.129529232899156 -0.81173716494552 -0.0945855781328825 0.286741931586236 -0.395242816262882 0.501424788083908 0.0808082734267111 0.116459521868021 0.394185157439332 0.404585155448366 
LLFr 1.03073428900713 0.641999587745876 0.44507084057193 0.275777206083949 0.111894939171111 0.279628891544075 1.13198358668031 0.10133820923308 0.294601545596461 -0.132639998933227 -0.101000525963929 -0.159571915557518 1.174809089953 -0.304947883946693 -0.110012479117832 1.83022509568734 0.0666680328087688 0.0989960186888165 0.068911611066367 -0.246566687527829 0.0445140300447207 0.827866200513811 0.144681694392149 0.0126005969303618 -0.155765973640059 0.689366202985831 5.0251887858317 0.217818859497897 -0.40142582464947 -0.112139410090901 
RLFr 1.17426981942131 0.592493435921076 0.748088436719377 0.713815095550904 0.231693651182685 0.0736095738482836 0.218955471732215 0.523283445116384 -0.239768879611999 1.45157187544586 -0.533920335115477 -0.00582350558479549 -1.49861343435352 0.736765033676692 0.0212896438888492 0.278930701035419 5.35678232550733 -0.445257488255342 0.0721681582740698 -0.926980098321479 -0.732370218108276 -0.789690469502764 -0.886543224853776 0.114829106499814 -0.312118221169038 0.409529326781732 0.266437432921798 0.210625428449349 0.0896471201495718 -0.318897387686397 
LMCe 0.839264959268055 0.437278202956233 1.2153316178016 0.690897176316277 1.25078064479889 0.773690612339895 1.30531514983705 0.344907254781213 1.70945512359069 0.515606929860312 -0.20389135664069 -0.0462163936310183 -0.149345470446964 0.418975480669836 -0.0840025677415295 1.84970147034215 0.0723087774087475 1.80732358337245 0.16676279145083 -0.500933782143904 0.139043458948859 -0.401001972066653 -0.199159020339187 -0.191221912040968 -0.181044046546084 0.208062694752847 -0.348138496852715 0.490434782707507 4.99742797019546 0.0740119961423155 
RMCe 0.896351332978638 0.426788508621326 1.37949782313751 0.987189929384065 1.4534647243713 0.536885040774637 0.622872523807298 0.576422385823151 0.564045127437955 1.8400897791215 -0.468849620355153 -0.0232686951097482 -0.36380103382501 0.540470854080359 0.109033863884979 0.808958298889353 -0.0294016108162804 1.48324131976868 0.145096378020775 -0.485305336765973 0.268050893364897 -0.818649978557003 -0.303079378564591 -0.0943908805022566 -0.263940528262483 0.30063577334061 0.072112125865865 0.262030849601217 0.383492399023299 4.08501101703446 
LDCe 0.870384350143161 0.509856433278516 0.879792698835044 0.494226619790878 0.624929716856938 0.642486985126988 1.4348963218211 0.256300772889808 1.30274250963785 0.225097315286664 -0.150630926834426 -0.0849993517942805 0.229244158739425 0.172368102291482 0.117112137686207 2.84952556924908 0.0619015772319327 1.03935649695235 0.175015713789935 -0.36982990851891 0.45718640919765 0.275055545883656 -0.165935316324795 -0.0693770369018083 -0.115508806942083 0.257823159356011 -0.980672148899552 0.646350929803025 0.221429954204614 -0.154723255927397 
RDCe 0.976720267500123 0.456970007840784 1.12895974293925 1.04733261243346 0.954732593946991 0.341760046179817 0.368896670007879 0.761381040183638 0.268453714418499 2.88611091156071 -0.77278755352272 0.0596101632549843 -0.693898643925128 0.71043652275629 0.0901345514674146 0.638548584837032 -0.208711013998592 0.485906270852909 0.187240682033217 -0.635656319182227 0.0245651869811121 -0.8729539659752 -0.499486828237544 -0.09713544328334 -0.30541212926866 0.32838404576917 0.0901768827212106 0.453490942170542 0.381964148811579 -0.995464741944669 
MiCe 0.915118793563612 0.507652547986455 1.58356437039 0.724575211457313 1.11042882764773 0.524233068369204 1.09521082837351 0.51205171905875 0.598840125769885 0.646752246862121 -0.341944530004326 0.0479626884449015 -0.201835353751694 0.367978774367642 0.125471131176811 0.92993544383134 0.0521726350052914 2.29033044761777 0.125594712696067 -0.37764702106285 -0.0354183808059842 -0.680752650228904 -0.295500434680429 0.113782573770485 -0.245968212830146 0.366478587048194 -0.0262945765552141 0.389654201075933 0.353782197709342 0.356563841357256 
MiPa 0.795424807816533 0.336165725018688 1.20017931616528 0.97152014990393 2.02684426098947 0.86225323891747 0.769681317020923 0.367964871442277 1.34442763050365 0.906537586925205 -0.248320901079557 0.0436845899912284 -0.301712568653292 0.596200255679748 0.143551815974015 1.04567176831378 0.0888606861075421 1.72053275608057 0.204152717606186 -0.539350983007428 0.250993785858346 -0.636305440039755 -0.349999073514342 -0.238281267201505 -0.21804349232489 0.198022569106592 0.0405816380960738 0.771089662122854 0.390840738071043 0.27083562891488 
LLTe 0.594576140796227 0.239926010335983 0.403343729344363 0.474488880484622 0.451000172847052 1.29961434037828 0.71060072630248 0.136771625202499 1.26870134524818 0.1800435420392 -0.0734968722059733 -0.0136452987815045 0.129930981680925 0.352168518480253 0.120152727331579 1.45778664050462 0.0527985296524712 0.450807712549839 0.0320567503649602 -0.431389033353578 0.138617081256835 3.47002518724572 -0.376977750862577 -0.13528403261679 -0.141079399476025 0.137255074148717 0.262226830335364 0.498198511148109 -0.0424837709868315 -0.263329438896121 
RLTe 0.850226923765936 0.255681293468714 0.608377587142526 1.77455809006024 0.789966754022906 0.378867475106644 0.0630701105498852 0.241406972548307 0.324073677862211 1.74345951717667 -0.15679317848892 -0.0261556030190662 -0.715133872819557 1.53413730901633 0.0687298780714111 0.303956592121654 0.20175886576381 0.0648230236531589 -0.100393855712391 -0.525630524058056 -0.56468178876113 -0.653889977971669 -1.62682384375238 0.0591884163531969 -0.13226808960089 0.176259352413929 0.103040662168002 0.410987757236786 0.205124878055885 -0.178462149315695 
LDPa 0.701612823700656 0.302582110630208 0.856315047501941 0.770119957666745 1.30992802637362 1.35861625520933 0.917086373770628 0.251949331283907 2.90233903790836 0.47672840332833 -0.146104055731191 -0.0595107106476627 -0.142600722526676 0.51662289073747 0.0589568444605615 1.56409201886387 0.0788883285552699 1.21580778170008 0.118950457293361 -0.598085991838238 0.393999896003469 0.387584597117749 -0.317092689616519 -0.314215445543176 -0.196460464877255 0.126687375295542 -0.0283451575888032 0.557438573037453 0.488948036090795 0.038533623548001 
RDPa 0.821816995565883 0.292776154039861 0.976233109325008 1.60841806146853 1.66357317500783 0.689719953841496 0.220829315050814 0.339276734624687 0.896657252912641 2.32320365795293 -0.215244647327616 5.40264004388001 -0.373346894541304 0.88424247637132 1.18301050198212 0.404288320371708 -0.0100783888230229 1.21417839840637 0.40272074071811 -0.38158436683789 1.32160991984401 -1.11807902031503 -0.284802879545959 0.0839587577261068 -0.331502552751247 0.292215260511331 0.0620956302392025 0.79755282290305 -1.268113520445 3.1844600067132 
LLOc 0.427162082330832 0.152415429776772 0.445985895912828 0.998244842010158 1.11122089146312 3.35231912730328 0.321905106590038 0.1363266518816 1.5641841111117 0.358225632055714 -0.0770397284257669 0.00768390563333883 -0.301649586129549 0.706320127906784 0.198165090597808 0.630052887492932 0.0513326862853475 0.651724258464119 0.177501164823359 -0.450899792142253 0.675286135577282 0.208237105742072 -0.262568978176041 -0.319006938091227 -0.160741264833665 -0.00955299490140067 0.0904521197232137 1.06969028189678 0.0747855965416862 -0.0331830243696122 
RLOc 0.644591897599444 0.156545894403249 0.536143516885773 2.7419113858583 1.49561251951649 1.16996241786097 0.0794211345195125 0.229166526516588 0.683839139518057 0.803644984374959 -0.106217019199812 -0.47257933294112 -0.531994761412277 0.972387611986541 -0.0856874034186323 -0.084220568044381 0.077846819287131 0.673696303261226 -0.427642300307506 -0.375844887433529 1.54457712095618 -1.1795480761529 3.93433184156021 -0.570381794275865 -0.0946321784285571 0.0279674102754608 0.0828745457875192 0.577684108321836 0.565959284893878 -0.775764338833977 
LMOc 0.675559144016069 0.242353171686399 0.845355022968204 1.09082424942685 1.86374277211557 1.60309827377585 0.542088534812948 0.232958772200622 2.31691600261704 0.583348697422872 -0.127661298814198 0.107696355698234 -0.293533790836627 0.721207970820399 0.272439415133259 0.71666497211016 0.0834949129134368 1.29165739162441 0.420992760693947 -0.542089887926901 1.67047021131777 -0.660364164215097 -0.174997868277822 -0.336146902838432 -0.285999972870502 0.130100810478584 0.0978872664978868 4.08698954475921 0.664984618832733 0.0412462234831597 
RMOc 0.72923282031078 0.23954586514475 0.876077284411466 1.5338381927044 2.11618312245296 1.13769108057997 0.345227973409737 0.278052466173704 1.30699901492179 1.19182624551554 -0.172023410997282 0.275879464230965 -0.400577682173905 0.822542996108145 0.245891060697031 0.280721420281822 0.0788206214660806 1.22211566075591 0.37975447701162 -0.509976414905104 3.10201794252364 -1.16646647847396 -0.256882804879444 -0.211047630175531 -0.267384252991355 0.125692685020781 0.115743322036151 1.30196088777929 0.430673515015219 0.138556853332965 
MiOc 0.522415404042549 0.138033314720149 0.483151564381977 2.02438180308244 1.45193686127076 2.51890316844394 0.0179833765691281 0.127933327174252 0.980245129779581 0.173604580921247 -0.0478703907549702 0.340009659416659 -0.518256044012376 0.761281292040639 0.237695571676865 -0.151333611186911 0.106491374181551 1.17682327966087 5.34522636501294 -0.337100084686309 3.17578224449722 -1.397342758961 2.95255220828847 -0.403309665804851 -0.249733497447311 0.0606301839404154 0.169667971441183 2.45727054762824 -0.148640006338095 -0.683490675798662 
A2 0.935529668471107 0.062653616689855 0.191437701871481 0.689363235099975 0.130184281996059 -0.0136395071544707 -0.151769207772947 -0.0275111445843309 -0.169763786174653 0.734914061090457 -0.131872634839578 0.0156480875309823 -0.652475345493891 4.39958705848289 -0.0068196867143461 -0.236370857272071 0.0862676953741171 -0.0880282600800486 -0.0336165226812554 -0.344061744158841 -0.549538071731393 -0.556371826353024 -0.621782927188447 -0.0297925071625986 -0.137173935099268 0.0626748825307379 0.068697942163982 0.202525286859586 0.184878796746873 0.15491793725355 
