 F00 F01 F02 F03 F04 F05 F06 F07 F08 F09 F10 F11 F12 F13 F14 F15 F16 F17 F18 F19 F20 F21 F22 F23 F24 F25 F26 F27 F28 F29 
lhe 0.252426364122991 0.280246989986363 1.6388358589448 0.291350067214174 0.0281359464146005 0.360739520737849 0.559568848317803 0.114243025267262 0.233658217130722 -0.16844601771788 -1.77124789756796 -0.201205872578309 -1.17914826424142 -0.748555354820227 0.533918097333639 -0.303638660174121 1.4007164181937 0.0301542966120471 -0.052268370831463 0.315369456785879 -0.135111375438104 -0.142681648305824 -0.0253045493316484 0.233469154199906 -0.100314605474218 -0.409233985642403 0.0105747866140286 -0.153639067212794 -0.502907161418396 -0.483142551325797 
rhe 0.395288507774031 1.08084205179548 1.64563603414368 0.307571361264403 -0.0496486543957273 0.596494852441836 0.239509179023785 -0.0337402270831812 0.821094576566431 -0.101309562890433 3.79569556047902 0.205060841450155 -1.32889284582559 -0.549862505612192 -0.105338795362302 -1.08523695548949 0.209998466624012 0.224414285118073 -0.630420550484887 0.470247206077115 -0.457927884244865 0.110161316416007 -0.489656744959269 0.29826302146473 0.175561085971158 -0.280283893710724 0.811108083676315 -0.743985521053101 -0.451753735675338 -0.255170581535255 
LE -1.61308964640265 0.428291787687711 2.05510372550799 0.20962959013528 -0.0798626244076026 0.39631275473698 0.433924833890059 -0.0335416435574338 0.2803704166741 -0.0721273405510148 -0.193507634601877 -0.223473082952613 -1.18840022676233 -0.585737160729814 -0.0414622740654342 -0.684804813380317 -1.43167373432585 0.167893228277538 -0.486579051735051 -0.445079802191575 -0.249330510786797 -0.110032944981941 -0.416448567848064 0.331319251912628 -0.173301492034588 -0.177058746525506 0.529312888669574 -0.319252478251384 -0.628412138079584 -0.489745347528255 
MiPf 2.66469516420007 0.708538392431841 1.99509116078568 0.996964078366536 0.356006351233237 1.57852066293442 1.23400313617058 0.244958234840618 0.802504575097882 -0.0414556393311685 0.522626799365394 -0.184241479341253 -1.15569838580932 -1.01953968772429 0.300786100759582 -0.657418704167792 -3.33526595727313 0.321995275574847 -0.30891830880785 1.19108458522217 -0.0862432669651708 0.0209829500580573 -0.233927398034942 -0.874710420449879 0.412230461186728 -1.3194303799334 -0.112575031638217 1.08694217313994 -1.73372225619346 -1.29879402621194 
LLPf 2.54005672499832 0.454636380201564 1.92096738871935 0.686523553017646 0.38429766070285 0.896849369733771 1.47915354685956 0.406282195417876 0.599041161898121 -0.0616811354702188 -1.00230718555325 -0.23315192257512 -1.20514491338555 -1.03295109083268 0.758341561934575 -0.0752409848954363 -0.800719926057597 0.206915206038282 0.0434384640332167 -4.53003937779109 1.12112307525959 -0.110406173225316 0.571846994957883 -0.160987676908892 0.16746206070364 -0.946868840753996 -0.271472027153516 1.98077471512567 -1.24793850769866 -0.661796696784049 
RLPf 2.12761502701518 1.06654776059506 1.57348062706785 0.987295143038898 0.265215278487596 1.42247591682705 0.69403681443561 0.199434275782472 2.05258351139977 -0.0162367609623544 2.10614680227009 0.260715036884646 -1.29920685543432 -0.945494673353058 0.216909807999152 -1.01775103333713 -2.18526337442178 0.279097308430696 -0.380480010226353 1.22235134284215 -0.229386306391826 0.458920697251151 -0.325302034616623 5.32780768215653 0.6149679075828 -0.667238326026331 0.125743994059212 0.0134254101033178 -1.15066731563085 -0.682758151990593 
LMPf 1.48004717384651 0.77588815613083 1.26971189247978 1.37636248059258 0.678108257299875 1.9259145117567 2.13738335846827 0.845219264220642 0.91104084779008 0.0623734315415608 0.0535969248055891 0.0134012536454342 -1.13480092640733 -1.231862827781 0.73440191003526 -0.326784826844234 -1.29111398297508 0.601726078406882 0.218711367165975 0.792339089564219 1.00297262167231 0.00415184449571024 0.172816502443572 -0.199244004405044 0.578567988850832 -1.60051581347512 -0.00867285132608394 4.40111281094138 -1.68879358696394 -0.816267433691912 
RMPf 1.29374201909529 1.00730498146219 1.08575282226954 1.70722185019971 0.62532712968804 2.32093385086292 1.55157388078845 0.783147812869237 1.5227967177602 0.0676442469358023 0.506423216885502 0.208019114722278 -1.17441614864597 -1.24980182369425 0.553463974619026 -0.722094953978479 -1.4499503752818 0.449576082006752 -0.0458210408986115 0.77710571583486 0.42511336164751 0.043523704852683 0.0740367450329763 -0.0533095473482541 0.77710090692922 -1.45715745570394 0.122626719130379 1.13765988780141 -1.75134516466004 -0.815044478529482 
LDFr 0.985162479591125 0.613973655030925 1.09510218754986 1.01439547751533 0.711120384273816 1.1705796161984 2.21802707525553 0.951899202538999 0.786767455601281 0.133457047967746 -0.40203547640152 0.0908700728757737 -1.05513698459271 -1.14374014947696 1.00155857789633 0.206461848216545 -0.350386414597878 1.36307077985793 1.24396563240651 0.707280272526771 4.35541283281064 -0.030289521513396 0.0409314362578634 -0.0620352101828168 0.482247062774017 -1.1666752928909 -0.045916183596087 1.29501571992189 -1.08894781897653 -0.393846186512397 
RDFr 0.898538485455701 1.27655731339116 0.885901127693784 1.62862649418995 0.642047321117857 1.41362348342646 0.955803031845032 0.733297620856915 2.60088948404586 0.130604462680427 0.838652532486407 0.526361321274086 -1.14046942018961 -1.05922460126584 0.478860582825728 -0.900869738852008 -1.12763977833881 0.358933326870561 -0.151648144444097 0.763648806079768 0.140361723102039 -0.268059380875735 0.000952005312348786 -0.479802522072091 1.27577515159705 -1.27321001362532 0.0244552701923339 0.741165273624095 -1.48858630724971 0.277912679546896 
LMFr 0.803618473249532 0.887075569788995 0.764507198023248 1.56956427332095 0.994072729115016 1.40384171780979 2.3255040795159 1.49766075721308 0.942472624105192 0.364879703305124 0.071768356246494 0.327902569316532 -1.03755585274024 -1.19910178233695 0.840907864856618 -0.159885425447445 -0.691492772288243 1.05209967942121 1.29794787622263 0.735943267052204 1.15213550162572 -0.00475648676575948 0.246454665014709 0.0197175980502516 0.667588046927274 -1.39524004437618 0.131670988324913 0.410583537613772 -1.29926609441114 -0.24192427534794 
RMFr 0.747111397911993 1.14331962762221 0.693686351535004 2.11470754364045 0.961430563345414 1.38242636578534 1.35399687160509 1.36873791717901 1.42958662046966 0.362162801675613 0.358046254632753 0.5078758281645 -1.03396755575789 -1.12448581879062 0.643648424800272 -0.691190072150605 -0.892314118851116 0.551802010031394 0.310163650362519 0.640582589994145 0.48827791158764 -0.0682197781516077 0.165222408984886 -0.125707768103801 1.06303653782209 -1.59521174893345 0.137772063858397 0.713316055589152 -1.55543632747509 0.209200463321714 
LLFr 0.472989995767227 0.305438653091816 0.996568262546142 0.462787889154112 0.266967880005451 0.437737471918982 0.869485869186979 0.422328498925113 0.304135995965814 -0.107291101677396 -0.810527534510186 -0.00522057451272254 -0.976883223069221 -0.865088002300941 1.76656312609638 0.451944774011949 0.715272103754934 -1.89092212857741 0.775631469225974 0.483728802671001 1.22509693048524 0.0677296616945915 4.53704338344179 0.126083720971846 0.210616118758961 -0.881234711328564 -0.223432215445439 0.284996449002765 -0.468783735864949 -0.352276804826815 
RLFr 0.568725449181964 1.53012446303832 0.996302856439021 0.657898152576063 0.281124000047413 0.738325592967763 0.341527681929284 0.275038658823779 1.6598758996912 0.0223644651092531 1.60035583454032 0.786940863874796 -1.25618732871727 -0.558184160127466 0.333277113333155 -0.977435987306472 -0.428284780566229 0.180059306855625 -0.425766014372785 0.568972258008545 -0.162797771595117 5.4127003980472 -0.0177265629679564 0.0378640050786027 2.05410425460568 -0.710937208178108 -0.149996310500326 0.0618740109344705 -0.676806667600148 0.444499364255873 
LMCe 0.461407097747741 0.84641370550823 0.510068552789593 1.09868905103632 1.33760811066347 0.849727605444061 1.08336370080332 1.64160637579902 0.636680369094744 0.750952021905356 0.0636405573566465 0.590544329343879 -0.555737518146537 -0.910495304187896 1.13882081758047 0.957603187861805 -0.376213463958946 1.44950134152407 2.99495323406182 0.503620536156272 0.920366801800439 0.0166966411202923 0.632211846292769 -0.0210711552026651 0.62556603254611 -0.81837923770985 0.12037430489252 0.180557836885054 -0.641145766936088 0.389656739505067 
RMCe 0.444688422878952 1.19940986760966 0.495560134800904 1.43199962269001 1.50428118448322 0.882394534769451 0.401454672878367 1.68547511491545 1.07095189726181 0.846049252117246 0.388849866959668 1.54403870339075 -0.728018718681026 -0.643022895773764 0.645052652792412 -0.480925464575536 -0.624518786834541 0.47466244941185 0.526135056913849 0.508381657530095 0.308126296420238 -0.0749008624903268 0.160803943463353 -0.117096565226198 1.39911109368081 -1.38582219608434 0.0428241915993288 0.18191953584383 -0.832072885680987 3.44494981444716 
LDCe 0.464196008054318 0.576633868835896 0.612622525437166 0.77971949930242 0.777451004518881 0.606573348943026 1.16128115987261 0.989310150530264 0.523454760993042 0.296662209822027 -0.279519581192361 0.265964149339276 -0.589685467268954 -0.880236812501743 1.98609107559923 1.40024844320383 0.00574152014289306 4.10531335551468 2.46535329422902 0.556828334526432 1.60716393645068 -0.0501977310242102 2.7183912075529 0.0236186808986606 0.600167357241557 -1.24047979660585 -0.163495500499605 0.188444165479458 -0.572061910069488 0.107716292308216 
RDCe 0.450066645536489 1.50751644800132 0.591799822627337 1.16825474188419 0.936062557726972 0.767824275270149 0.304720606190734 0.994528428129032 1.46968903348128 0.478210158573312 0.642381243640903 1.72312024012433 -0.924711422064465 -0.401896717330097 0.54143560318457 -0.819019857749295 -0.672792070243011 0.336884831395184 0.0764162210974445 0.473515683422912 0.157414247956948 -0.405332537345462 0.0789795616852389 -0.22740112439902 3.43334757649559 -1.18737507172089 -0.484078039776778 0.317432697549691 -0.905380323569768 2.56461160395501 
MiCe 0.548941559630899 1.04462536872684 0.549066278154551 1.56899538916639 1.37373974503148 1.02671780648041 1.06394810250786 2.08743874691937 0.914158476822395 0.663712016391401 0.233711193277426 0.64949970833974 -0.832454814977063 -1.0185631006434 0.750627077098148 -0.273934115041635 -0.647997058755691 0.779388092636701 1.12597216933798 0.57115708996317 0.602019959536166 -0.0140094760039014 0.253528181659034 0.0057018312359819 0.836839872914566 -1.61036831900323 0.188746562878189 0.213864530622606 -0.991918192019035 0.338900418984742 
MiPa 0.34864081950127 1.01617486582715 0.376974941131627 1.0011139360289 2.03970937505513 0.70385665729627 0.178393123907922 1.58035729620802 0.685623897241793 1.31842112451442 0.265199586564822 1.15824602071454 -0.329082578252727 -0.385243314053838 0.772949960374664 0.526261737277909 -0.457722633844176 0.607672558051693 1.10156374678816 0.427144989111834 0.402138400681943 0.0326253996993912 0.22787592933895 -0.0364934315595911 0.763273905957179 -1.19680306151343 0.157092715830707 0.15520896434651 -0.594936541981488 0.619454760512395 
LLTe 0.199036674895879 0.246366596287073 0.0951268843437793 0.271180607325654 0.426339314052322 0.283223498514568 0.24197706793496 0.486978366940686 0.161544874297762 0.122365947312673 -0.122289513231515 0.364341977255367 0.434145121859703 -0.294050373381175 3.14819761301008 1.69736554066363 0.0137425588673061 -0.0249201718178571 0.871535045956988 0.233189375154044 0.442388637022223 -0.0138594272675353 0.0668057829447474 -0.0012660031276313 0.133547022375976 -0.229914008766595 -0.46453397949158 0.104783097126278 0.251977679824635 -0.332380675459266 
RLTe 0.234604666619466 1.82467480201474 0.35708359936737 0.323615035235422 0.610517048809626 0.468755961976777 -0.0885248417449822 0.423764805511386 0.653840306556643 0.497541700928216 0.608073153785227 1.85537805379756 -0.816149282029017 1.08993839013916 0.491009230627554 -0.717531792713036 -0.407058453377283 0.235053481922128 -0.221197887026336 0.208645938191482 0.132193123242351 0.307595181642046 0.0877870700995346 -0.191380500723108 0.984595445825012 -0.715730852010086 -1.03598984121617 0.293603712763849 -0.172072077172773 0.877366989004715 
LDPa 0.297855091831771 0.71770277509368 0.311440915611326 0.678234485608589 1.22277048055141 0.658639075368019 0.405984948226709 1.22146097300549 0.438925808701319 0.99901918138402 0.0622352895739023 0.883003104981726 0.257915768951823 -0.471592073151523 1.49265454264397 2.79648748384017 -0.186691855858638 0.92167861206927 1.99354376521939 0.362287007280785 0.620260798341635 0.0364640459470104 0.486603122732762 -0.0185067542921871 0.44246927516424 -0.841752984070837 0.0576898997194385 0.100105812134025 0.186373427411465 0.192188904676371 
RDPa 0.299845629275194 1.26244665506255 0.409179601957382 0.84964149834597 1.47540254499778 0.733548822385039 -0.0057767750855179 1.21232902330443 0.869064444397591 1.22559927950032 0.437420122804149 2.68819377109857 -0.542683623766568 0.510814833584005 0.595978063817206 -0.293845933566948 -0.438261203886264 0.353631274905318 0.31820654835324 0.342399620013293 0.222009222277575 0.0465981816957957 0.134382257312404 -0.17340270594209 1.42826303663595 -0.818359164974511 -0.133830439011668 0.204575416559281 0.0325174502877777 1.52312455095729 
LLOc 0.144930309197465 0.663363668823998 0.0857456094115867 0.291361597357242 1.00704259064382 0.440743537248482 -0.0171879350239605 0.770732477072794 0.253710923155206 1.58769546860401 0.147613225104253 0.731443340910197 2.3029633163334 0.323189775546623 0.990247228508794 1.90326854270775 -0.0522586011156392 0.368386445473312 0.683277029894638 0.233726706379642 0.297622181469876 0.0586879014617269 0.182889072586997 -0.0659551916453376 0.311066918683951 0.174426947907706 0.121811591404256 0.0638118038101024 0.960503016869604 -0.247890725213043 
RLOc 0.153654968228458 1.1088983716798 0.211622156862088 0.371178492156951 1.17989056235118 0.519221777038879 -0.258672723041429 0.720299269593889 0.488899597089135 1.92412029746914 0.363353612660884 1.75767543945759 0.0799286318572033 2.92169613128002 0.50781986184154 -0.115879279941868 -0.209250953899451 0.279455696831833 0.127842947550433 0.179718429424627 0.180548501192884 0.142256838140855 0.105050699468562 -0.243677228176244 0.669243447489743 -0.80509948960299 0.187956572105046 0.26843997714367 0.677492432363166 0.836739597394396 
LMOc 0.246123327666193 0.873287639358924 0.257126046957419 0.625718135746838 1.68017579158991 0.70618628536671 0.0645435257452032 1.31520595982802 0.449698869503492 1.88370092690479 0.218846128944461 1.13701602998205 0.331868331081207 -0.0295665373260099 0.864435488990275 1.82820724365013 -0.251801294255316 0.560762878028531 0.977469693503592 0.320582041590253 0.399523066622618 0.0698595618330487 0.270603002675332 -0.112280526276914 0.555019865121041 0.408708282640078 0.194330837925765 0.106904895194899 0.812488254984956 0.501625180474845 
RMOc 0.247804373622265 1.03492645753076 0.296640929911809 0.70450083137047 1.87464510792266 0.686198786751945 -0.100335605527914 1.19416934799799 0.606869953934038 1.93736161213602 0.324838646510526 1.78752214568337 -0.147486296563693 0.579554171792039 0.643775868056408 0.359175752159968 -0.358030318352495 0.409438468660491 0.58686027763623 0.318798650256754 0.26635275846743 0.0756543815541458 0.15997366075099 -0.146354062364489 0.797248038071966 -0.77748989267268 0.144749038754632 0.109190479138368 1.66196233424509 0.978472881843823 
MiOc 0.117243512260316 0.825348628288509 0.0924144204841994 0.26837731724228 1.11949489131904 0.481028938129801 -0.238905704965297 0.755121967580719 0.304595294820414 3.08058662153543 0.279538953840436 0.967299972294399 1.00186628830831 1.07770475765336 0.55206713173989 0.487845829543875 -0.142096589791541 0.317559229549166 0.324256203946178 0.171102335689079 0.208307658033819 0.0896379755621555 0.121885722802698 -0.15889969267562 0.412475929070829 -0.484093933422573 0.322951594347894 0.163420898368776 0.778761324242247 0.312441635572874 
A2 0.0130701345320541 1.41566158724372 0.345153088403125 -0.162632732439933 -0.102003359919661 0.100277207029427 -0.126969412774422 -0.045726199734545 0.0645255439268079 0.279598663005539 0.701633338710107 0.481938883806509 -0.832024024786365 1.12273843025589 -0.0786701412072226 -0.928719429658988 -0.0762365165506835 0.168628731854971 -0.594187427740569 -0.0202192434683761 -0.0864435147736403 0.190512206890068 -0.160202521960166 -0.0472820701359733 -0.231257205286499 -0.0836500635864458 5.19344823148999 -0.126165916658644 0.165161543425351 0.68661554197838 
