 lhe rhe LE MiPf LLPf RLPf LMPf RMPf LDFr RDFr LMFr RMFr LLFr RLFr LMCe RMCe LDCe RDCe MiCe MiPa LLTe RLTe LDPa RDPa LLOc RLOc LMOc RMOc MiOc A2 
F00 0.101928683469711 0.0603409288858613 0.122895509785379 -0.0512844890688908 -0.0179014010911141 -0.00303472893638596 0.148030019061385 -0.000658592053142255 -0.120239550397946 0.0506028230873623 0.0361972325312756 -0.153737166923566 -0.030821189400748 -0.00136305187648829 0.276514177725121 0.0307020038301164 -0.115341547497153 -0.0174875394354309 0.0826648027908089 -0.00439723312905 1.08045701147747 0.0387230553769188 -0.65776019002491 0.0341642175390993 -0.084606620084566 0.0191396954670415 0.056969537519241 -0.172508995944281 0.163366128245894 0.0802538736709171 
F01 -0.281201590536293 -0.0772055180777564 0.346561264638245 -0.0912645512332933 -0.0053259399047684 -0.014629156784504 0.0672231177613832 -0.0237317301358217 -0.0103404393226118 -0.0158944624198672 -0.00488480023503523 0.0791163456527782 0.0532593438457814 0.0139182463039236 0.0103478591627618 -0.0404928544793282 0.00745344487254633 0.00680179733308692 -0.0239033600922573 0.00281873458482613 0.0113332383050482 0.00742808364048408 -0.0142329825427305 0.0137861247698318 -0.00294158715631349 -0.0113304983019629 0.000959359399965658 0.0184687124139322 -0.00773198486717092 -0.0103319913441432 
F02 0.0263748022962932 -0.0100541784340168 0.0283993940677824 -0.0408532474126898 0.0137604320890734 0.00871729229659487 -0.0100464442880496 0.192331098587575 0.21504975320336 0.0286330362429588 -0.779270014599666 -0.586535458726384 0.0259926094950758 -0.00259709215037323 -0.330651640482859 -0.460139092134751 -0.0756999216022271 0.00817205243226187 1.95554904185225 -0.410420203600624 -0.674708645878389 -0.0343649127254833 0.88212515282265 0.392972605329106 0.0383632976915086 -0.0434169183207995 -0.386650738480978 -0.17261392163112 0.242413556030846 -0.0140570778672818 
F03 0.0164073103396478 -0.00153027276214628 -0.0104763444063696 -0.00508582420050987 0.00125815800272335 0.00130442104657681 -0.0760578619385677 0.048258479735698 0.00572066901678221 -0.0143452862534063 0.0754120806174747 -0.0322191389862273 0.0107273301111639 -0.000976526634857453 -0.0991130309708224 0.184903731366547 0.0923670346762626 -0.0091924767419197 -0.016271052726203 -0.360717377033069 -0.0307325924222819 0.00556818108910255 -0.364416232832941 -0.0165310571126831 -0.126393028627184 0.0123057821955353 1.03181552200475 -0.262034732338276 -0.0388337699959471 -0.00601830074390859 
F04 0.0455582224401588 0.0105118362302987 -0.0256307080111735 0.0456885041462648 -0.00137349407485453 -0.00244177906497458 -0.400291149814566 -0.0283938418074421 -0.206212617431181 0.0321314522124128 1.52943572486172 -0.161400833202788 -0.0201849524160945 -0.00169797503172814 -0.053825100533388 0.18939174208699 -0.0976037389296638 -0.00639006324684011 -1.0416413158319 0.284024995464277 -0.0864013563700182 -0.00814978996824199 0.196364093147359 0.0184529799730341 -3.66864207080849e-05 0.0162461930797239 -0.125732701991348 -0.132445145910501 0.0476324086241428 -0.00534120819362358 
F05 0.00552386480923446 0.00131181845801559 -0.00324565983207897 -0.0101457669189012 0.000425051616148418 0.00264233368367357 -0.00848776956987239 0.00390506195184862 -0.00348073476786706 -0.00162518817827251 0.0855716882349899 0.162743944945596 -0.00154602104732447 -0.00375606408366168 -0.122854782954292 -0.23833422756418 0.0430420301953664 0.0368413174018594 -0.417015640040613 0.847159344830478 0.0224477210581472 0.00622541321883358 -0.0884248759351018 -0.073045928716834 0.0192368978279544 0.011313118865719 -0.214437309805078 -0.0557325680688655 0.00507553179102959 -0.00514162103653272 
F06 -0.000692756079327839 -0.0380853440315148 0.0240601323587826 -0.0467976179616212 0.0134270910281984 0.0310599606496559 -0.372894217186204 0.258838830903372 0.166474166239149 -0.134201962576651 -0.2326357600257 1.09345370409605 0.00271325844941362 -0.000374748405909757 -0.0208089007764386 -0.533812501568597 -0.0274312638328008 -0.0288935350336342 -0.563275623413864 0.315393014883036 -0.0738881390722489 -0.0455787717401222 0.14281624843566 0.277049096072095 0.00260106700948279 -0.0479843090729349 -0.15038161475923 -0.0357253638610958 0.0367841092856169 -0.00409140186037338 
F07 -0.161646155933585 0.223775195994496 -0.0414881317074745 0.00308449443055152 0.00765946542681368 -0.0121993209641874 0.0335350716220932 -0.0380518894043165 0.0229504802433032 -0.0107010550328124 -0.0301784412382398 0.0298015221165293 0.0450687398828086 -0.0396846360962185 -0.00994250122269763 0.00137536434646259 -0.0050680223057201 -0.0068599536528201 -0.000546098151939869 0.00162282784647594 0.0189802124771154 -0.0227445342971337 -0.00518717476217235 0.0170511985506203 -0.00682148132154293 0.00771414888495122 0.0164590104645103 -0.0166659252648322 -0.000862651027718119 -0.0364612025405953 
F08 0.00703377531589888 0.0060875631644797 -0.00439359373116659 -0.0111418727792934 0.00257528427124534 -0.00256076569716601 -0.023216418369863 0.0634744537609601 0.0547405994565659 -0.068023772507897 0.0232167215647912 -0.254948705870057 0.00233200224868758 -0.00488400107214396 -0.107598166598684 1.21387350432078 -0.0263218439949909 -0.104969017428539 -0.257848018382724 -0.112587691495378 -0.0429978302125902 0.0205437470596363 0.111461858260976 -0.47401685028658 0.0121797023949396 0.0700094722915222 -0.0327083634582416 -0.0521234338641959 0.0072899647326544 -0.00562369602156684 
F09 0.00264328341561376 -0.00668067327436275 0.00484336215797873 -0.0275493771447569 0.00441404397157692 0.0110493696066432 -0.075076559491459 0.161448406045894 0.0384512891051161 -0.0120569136833179 0.117556379864067 -0.0723279897824825 -0.00270147447945197 0.000709503664791358 0.0943494339988896 0.141182381757002 -0.0513228704713196 -0.0105757418905579 -0.474465666126959 0.504103409133258 -0.0581331323070474 -0.00259366505749598 0.164791709593363 0.0606361698817907 0.017154290217284 -0.0910464712999682 -0.520623699467721 -0.364737529602638 0.453963441599336 -0.00288375016376587 
F10 -0.00485527866741946 0.0126667707992369 -0.00323860170851728 0.0407172265287341 -0.00074603418073787 -0.012650541892994 0.0640952366810868 -0.145524642380534 -0.00647208501113012 -0.00136214204136856 -0.0271357753915392 0.173751125257866 -0.00730676214093791 -0.0055963401852062 0.0572787105669849 -0.120023655135643 -0.0500925991553914 0.0497544830270591 -0.0686997135092058 -0.0507105711598329 -0.0206208568345772 0.0310066541401981 0.237308428397556 -0.428768228244669 0.0634339650540543 -0.108793988016402 -0.70603578961305 1.0822101751874 -0.0419774359058998 -0.000803509401013104 
F11 0.0036908632826406 -0.0128499808220739 -0.00178819343307481 -0.00816957954393046 0.0022278790930661 0.00251258409776929 -0.0284651868286826 0.040654489556598 0.00714486890045898 0.0273229332552194 0.035204685519488 -0.0620096386533191 0.00612723652434813 -0.00102534557479654 0.0767339002538355 -0.369370357405687 0.0147308745966138 -0.0674017416630312 -0.0573811625871693 0.0580443553580088 -0.0544275698602551 -0.0760175595117013 -0.0798885114376169 0.88503496057156 0.000321258136699971 -0.118081268702633 0.0972630777282359 -0.348411777797789 0.0352637700714107 -0.00612132053663881 
F12 0.00711978032629883 -0.00380463965595339 -0.00288626931013729 -0.0179701341371848 0.00267694829274207 0.00680211432533442 -0.0756335490711979 0.0951558992411686 0.01943787060293 -0.00928147264421198 0.0841716894734137 -0.0814577492188435 0.00579635056187317 -0.000444562890022205 -0.0784367631855866 0.17626127988805 0.0310384668455092 -0.00584157494621434 -0.104027700390931 0.0425929092312818 -0.0409918140970926 -0.0555908872807439 -0.0924672067848334 -0.0541748613773083 -0.0781298026276881 0.349687359497784 0.425378986497324 -0.499473013996365 -0.0223240035455402 -0.0136379897119941 
F13 0.291956642060925 0.230106712770634 -0.0321185742133931 -0.0530576289753602 -0.0114293581604636 -0.0184991320380506 -0.0336763764456293 -0.0795833505444496 -0.0599146179190368 -0.0485979144741994 0.0882826574738751 0.167587844141309 -0.0464801869564674 -0.0529121162457498 -0.00372015795973857 -0.00811043643438723 -0.0064120447731235 -0.00226916445587017 -0.168223595271324 0.0286804005804725 -0.133202819314361 -0.0659250679347343 0.105253209606282 0.0269572678312439 0.0144732049229368 0.016774562615037 -0.0156869551306938 0.0193097394765683 -0.0337553363815656 -0.0424453060111442 
F14 -0.0485984754067214 -0.0118876397761453 0.04739170542487 -0.0579614071126758 -0.0287900364460947 -0.0175705639425197 0.805447615613859 -0.193301075532634 -0.352760756983455 -0.0078313730716097 -0.0932033325769151 0.0158880426082454 -0.0218123554068622 -0.00694106149746177 0.00687627971318173 0.070712041606696 0.0862181957247581 -0.00403057363260473 -0.216650484057211 0.0911985963740697 -0.0694883073522818 -0.000200104074654163 0.0390984562626095 -0.00934381126879695 -0.000244555036768336 0.00547525735861099 -0.0178675365556181 -0.0259257470726524 0.00697345366574174 0.0055044947323773 
F15 0.0201564372035703 0.00286717438520254 -0.00324618819253372 0.00102421485703046 -0.00309417280471393 0.000975140160633843 0.0175736188685267 -0.00509646860827979 0.0063395590437189 -0.00279009318090402 -0.0984404760498405 0.0828990750211202 -0.0261398199560294 -0.00191291161392811 -0.112378878173848 0.00164202678354771 -0.174633098225326 0.00686507329550808 -0.0630494128913988 0.0309872729553957 -0.10541402151679 0.0043885046841788 0.742420206852961 -0.0667126005063922 -0.0572366761470959 0.0142297627814544 -0.251763016497647 0.0464386691648148 -0.00221473556632685 -0.00308743188106641 
F16 -0.00155709982940129 0.000195644321622195 0.00392493065829732 0.00222017237739132 -3.32299614437106e-05 -0.00118789470718497 0.0227061279152794 -0.0204560699460673 -0.00889327397247229 0.00312800902325996 -0.0261547475687729 0.0290408729855843 0.0160195168715516 0.000516128757624522 -0.00177646078687659 -0.0478160435560334 0.0818836357117761 0.00284525797483359 0.0215491377849256 0.000866694543817789 -0.14437874210418 0.00280359055393249 -0.111782026958506 -0.00109525813308858 0.284763743953408 -0.0174617797837495 -0.0736760960021422 0.104762415758344 -0.108809635569584 -0.00443293225916066 
F17 -0.0481536157861155 -0.0583326836508712 0.0578785647592791 -0.0854820900604804 -0.0020103855836079 0.164774283996903 0.0812178027734485 -0.0629530073402179 -0.0216919214236616 -0.0944574300577434 -0.0144685634702607 0.0910536380821531 0.00887645838102304 -0.0227532004740598 -0.00518323990496694 -0.0051946155929296 0.0125520943207638 0.0147365762253162 -0.0242491047593991 0.0022025045059208 0.00493628721359564 0.00894333662043501 -0.00511063253398268 -0.00555571215811141 0.000504803507631221 -0.00301693756498024 -0.00185483166730621 0.0104523746416674 -0.00217177352674559 0.00322993287014006 
F18 0.011465705662292 -0.0210167439966127 -0.00694918730097356 0.00207208063797611 0.000779224233838431 -0.0037005395107949 0.00599961078370319 -0.022034622403414 0.0130098917257135 -0.0277802602830887 0.0128109938538778 0.0170269930190367 -0.0029522663426346 -0.00720833561208035 -0.0360979463073197 0.173929362351322 -0.01466344523129 0.0492324501812511 -0.103667042589983 0.00139348885075342 -0.141921699876397 0.344015269009728 0.156110011207601 -0.465940533144112 0.033389440814884 -0.0425056406656715 -0.113817848834346 0.254832690911732 -0.0340732781015117 -0.0193903374393687 
F19 -0.0763896036947472 -0.00587935395876486 0.0260451225853371 -0.0547348787594634 0.173153581481652 -0.01155428961771 -0.0351865531555575 0.0409446070020522 -0.123242506343691 -0.00703524994737248 0.0847996967867432 -0.019108878911096 -0.0208259690480761 0.000994870562387609 0.0130730199631469 0.00873492313543727 0.0306340739221439 8.07471766048842e-05 -0.023166701923331 -0.00293951054731817 0.0193475156767723 0.00369257018011715 -0.0294192988259562 -0.00113375956782122 0.000255345546019924 -0.00195930730700291 0.00326417215049156 0.000428250313594984 0.000775589020164298 0.00277491890396502 
F20 -0.0731531060282804 -0.00102724247683366 0.0171020887031069 -0.0245785955559887 0.0433468766934651 0.00315079398739518 -0.105368846221418 -0.00562564148442472 0.558886735643741 -0.0205902002813435 -0.366419902006436 0.0764376421685028 0.0565592481103006 -0.00222772799289736 -0.125178956797221 -0.01445073450189 -0.228927750576873 0.00172843358384181 0.0944230693066026 0.0349759264314497 -0.0674153524608721 0.0064060393243399 0.219046839910011 -0.026550522350262 -0.0100866617074306 0.00783727929506195 -0.0467594528826934 0.0149069405833899 -0.00565366614881213 -0.00336405260103494 
F21 -0.183223661258807 -0.0856169137970219 0.153612650365962 0.270362046430959 0.00364363918077896 -0.0070697184882219 -0.206268375023952 -0.0966580816514412 0.0479428823806876 0.0102428710906116 0.0499196578400615 0.0815764750689292 0.0215540280765053 0.00483881898487415 -0.0336839853775532 -0.0133913276610737 0.00951172307992254 -0.0100616377888916 -0.0534758381358615 0.0382738548721338 0.00146937233610309 -0.00688062667283144 -0.00395632956244753 0.0367459902696627 -0.0102222666642845 0.00710254049505516 0.0314346027975621 -0.0623852819727773 0.00719444639480164 0.0049907581140413 
F22 -0.0247206747166263 -0.000926548240958195 -0.00646738570006725 -0.0123373367202625 -0.00477379042011193 -0.000569296967274613 0.0417496182307255 0.0214370168418457 -0.172353442049647 -0.00902159512289188 -0.0194077174136176 0.0201165778774901 0.0525657027661317 -0.004658828890335 -0.191686386919997 -0.0262074163328467 0.55159557833344 -0.0013945857557746 -0.0102899456985193 0.108139064369968 -0.164034876616225 0.00202022044611175 -0.236072003070029 0.00596639888481041 0.0437911872313636 0.00624426690525038 0.056384706117147 -0.0240233961638065 -0.00106425017515922 -0.000372788146688544 
F23 -0.0199041781073712 -0.0586499597717267 0.0226622963696801 -0.0210794903581147 0.00122882541093379 0.033764602213459 0.181095604041 -0.300483723925448 -0.06904990944126 0.315944722271964 0.0316900590716272 -0.133124828890042 -0.0020431853828169 0.0686186235132484 0.0438529514882167 -0.021351252215883 0.00435641535886878 -0.0264592956985093 0.0232687252672042 -0.00622514262190673 -0.00647413111525581 -0.0513232548651403 -0.0197475943317139 -0.0226967090785593 0.000918553687408059 0.0145444122338781 0.0053348525224298 0.0123371274396099 -0.00365543121663302 0.00160582984990376 
F24 -0.016106727870014 -0.0358585796224353 -0.0279316915792737 -0.000239300641522594 0.00249713813312892 0.000126846006736066 -0.00670500955325312 -0.000887680584871847 0.0233946093982242 -0.00923316195891811 -0.0192725050785389 0.0358121034419414 0.00871846525176017 -0.00835207534847024 -0.0313859314501819 -0.0127525933464105 0.00398606549928308 0.000849661784619029 -0.00361455807217356 -0.0042513651917541 -0.0410224506118289 -0.0920848211006535 0.0438231134305566 0.00733334157606101 0.00768681100961184 -0.0155303394382343 -0.00920298348483718 0.0499650717882878 -0.0281307696449933 0.204155701705477 
F25 -0.00755978473970786 0.00146146974334398 0.00759506951368782 -0.00581375221011069 0.00163508201818135 -0.00206415679701841 0.062011492725337 0.00206533160342579 0.0429006524634446 -0.0313891250967292 -0.278549382483522 0.164833467089106 -0.00531129218366227 -0.00443552182554438 0.769746991564309 0.00864267850614768 -0.0918706499756324 -0.00389830742495119 -0.232746003249152 -0.191389179826014 0.0616949207541419 -0.00319239563679162 -0.345229016236781 0.0193423649678557 0.0217590314578395 -0.000326418501537727 0.0395934594866767 0.0216151176774519 -0.013573354561826 -0.00246797169761895 
F26 -0.00283256126796514 -0.0448177131186091 -0.0024855064457158 -0.00135856554139232 -0.00130435096713686 -0.0140712027559558 -0.00327560552965329 0.00824557134833519 0.0131516287529429 -0.0879698823248283 -0.00876931036193824 0.0395445657376056 -0.00684151494538411 0.19229272518216 -0.00324733349763072 -0.0182168426059103 -0.0147981155891124 0.0246428519134778 -0.0160951468875612 0.011982133068647 -0.000171651455547054 -0.0646948353801873 0.0230319177421873 -0.0291809862939963 -0.000865995514282663 0.0150478041945426 -0.0127104631357777 0.0139650901376845 -0.000706474741744343 -0.00912965578923728 
F27 0.000926106018276898 4.70855044125036e-05 -0.00127595338639144 0.00328605069362578 9.27573922677376e-05 -0.00444272342027398 -0.00845520915684426 0.0168521579646594 0.0128419612802555 -0.0618617693081019 -0.0112824380478579 0.0387774971575634 -0.00335336961157773 -0.0377829579271659 -0.00528599091174376 -0.133438567015348 -0.0226339827697459 0.269612888812952 0.0117115566125976 0.0355083190900353 -0.000415850380607603 -0.0409830743506337 0.0328857711414752 -0.146155754524892 0.00221624601055443 0.0152846383947225 -0.039285479938323 0.082462794481973 -0.00791768962055148 -0.000940385142513719 
F28 -0.0344706747612516 -0.0358641913068778 0.0420596284446809 -0.0291410334130905 0.00372140590521928 0.0192637732995791 -0.174286255024303 0.381592249672101 0.0182843632422254 0.0183110802891204 0.165178495210619 -0.562178738957559 0.00166994109149634 0.00611216069948768 -0.0490052974522842 0.209772616642461 -0.0244312366382674 0.0155873728260436 0.133623635485705 -0.0800169336627239 0.00405129477246461 0.00203999170536708 0.0372626165320364 -0.158488626763324 0.00420680204280116 0.00747439611279024 -0.0114687245322457 0.129260081761116 -0.043669057942914 0.00383284686370375 
F29 -0.0414684289571741 -0.00815911460943763 -0.00361796735877662 0.00340160825032756 -0.00573480923670999 0.000313355159533409 -0.00027268595495836 0.012588158617646 -0.0561008852212182 0.00384150365576567 0.045235880302014 -0.0246221441928249 0.178556713094802 -0.00279238628473998 0.0476746459745556 0.0213622561730411 -0.111779371442563 -0.0026446593097859 -0.0283362367514469 -0.0148579234589761 -0.0735260029960912 0.000784394646797148 0.0835930555456789 -0.00907230848241522 0.00776390329111499 0.000976447627066085 -0.0374767287138081 0.00859999272734111 0.00279252227842589 0.00359557567733676 
