 lhe rhe LE MiPf LLPf RLPf LMPf RMPf LDFr RDFr LMFr RMFr LLFr RLFr LMCe RMCe LDCe RDCe MiCe MiPa LLTe RLTe LDPa RDPa LLOc RLOc LMOc RMOc MiOc A2 
F00 0.107861095662567 0.162035384844325 0.0149204257678465 -0.0297368781926128 -0.00553037190291665 -0.0873943108344257 0.1847901943862 -0.198853838737785 -0.0318507687696424 0.411034703420873 0.319078248563115 -0.621912573891376 0.194695530043564 -0.11676981460406 -0.253654912426117 0.616481946754862 0.0495290124552889 -0.216373450344744 0.16319321449967 -0.569627767004221 -0.070020773875663 -0.019277673724694 -0.0599245400745646 -0.334073678661533 -0.00333451576756093 0.410430327105792 0.999086399672641 -0.029819796345726 -0.879172867726952 0.387413724444327 
F01 -0.234155501349399 -0.0749034263543424 0.26420431565826 -0.110705547442655 -0.0274036590149505 -0.0154980367708675 0.0322150576171318 0.114308288282955 0.0219361773730066 -0.0213645387259955 -0.0164647879101652 0.0027464656774278 0.0572371494059481 0.0176880810677715 -0.0370183976136288 -0.0234440762030473 0.0066629424753396 0.00247234791616811 -0.0148660032277101 0.0352424245925022 0.00140347767043805 0.00600972550807104 0.0158352726226702 0.0285840719478347 -0.00723655247973616 -0.0248271066624591 -0.0350581785588373 -0.0170710557208681 0.0412836535729464 -0.00285271544396504 
F02 0.148717149795915 0.131307074535386 0.0295242515968376 -0.0103754610850947 -0.00986239453224612 -0.0503431313748371 0.0917921920434597 -0.26654904277284 -0.0287195098429026 0.234881249898342 0.219668214828178 -0.111867373600636 0.13584548462081 0.0226414313871106 -0.0826386459164158 0.123239742684762 0.12432968384796 -0.282396855925313 -0.0872941757144456 0.174750856718667 -0.113946492476106 0.0669719139669079 -0.090679821567185 0.626636013804234 0.487395786019303 -0.410332608498356 -0.637832696966255 -0.47810371374312 0.749396171202734 -0.314203837325475 
F03 -0.0192524750580146 -0.0162003592117461 -0.0156641575672653 0.037804933314386 -0.00191431991315502 0.0209717572105445 -0.127589985483623 -0.487087536939016 -0.0388959651589751 -0.10136736104683 0.202676982493069 0.702562590805465 -0.0242561163377017 0.00211470897613445 -0.45986763732653 0.0358395444125637 -0.0484701281098236 -0.190254980419094 1.22094874625591 -1.10867738251147 0.00795105291832195 0.0146839770674958 -0.00452167817699969 0.136911227170943 -0.116372480566991 -0.020040787738338 0.65357809640943 -0.104031737589372 -0.101987631125724 -0.0545775024519247 
F04 -0.00331063544297739 -0.00558864312959279 -0.0214202809684038 -0.35476613022037 -0.00572546030674274 -0.141019540733678 -0.101285834196273 1.68483907072257 -0.100184270533293 -0.34593984402796 0.101919458740548 -0.755712201445809 -0.00399429616376731 -0.00266395551627585 0.0752096159369275 0.314510604406715 0.0161754653061835 0.0454955645860227 -0.422664207398871 0.270805892716815 -0.00342865346135327 0.0101417292726397 -0.0690284510279788 -0.07041948301059 0.0759115895226209 0.0126734246225075 -0.00247943114908346 -0.0537811951339478 -0.108060468181848 -0.0364185527836421 
F05 -0.15479119628092 -0.140224823964432 -0.0356124144043676 -0.0350382610161522 -0.0215890441205128 0.00895560280968966 -0.041176565066207 0.129711883684471 0.0453235997542196 -0.0656846016535813 0.0309738848449816 0.0368118844331822 0.0968881572512765 -0.0193403875664138 -0.0649956084194881 0.00809993521646458 0.0216707803235102 0.000262543531861675 -0.0400039335537689 0.0746060651313334 -0.0337527556009488 -0.0346783766109227 0.157777130433603 0.182420948692641 -0.0529269562894867 -0.120983244050946 -0.322366690831348 -0.282812564425743 0.496055188041468 0.264550288409112 
F06 -0.0121780191038784 -0.00213350741063335 -0.00179081645944115 0.00260720624663437 0.00675765187935174 0.0311880471399244 0.0282270439131194 -0.0238990317580324 0.0871869765301903 -0.121842038027378 -0.424275196459373 0.0329429443724407 0.028262506274165 -0.01176846576131 -0.563672297048252 0.832003384508608 0.176928418277362 -0.089775343483586 -0.178668837186284 1.34221742571483 0.00202510409505464 -0.00779780858689707 0.00787179923509328 -0.427388839791122 0.20372329949464 0.0817274282556273 -0.804048354513521 -0.10199678566157 -0.075176016477952 -0.00318618412456858 
F07 0.0449903593174455 0.0131569087258497 -0.00559213989437286 -0.0591448973827959 0.0170658888085292 0.0363597320811089 -0.0551881733840373 0.115026727524551 -0.00477145367546573 -0.372737713631834 -0.446944343029692 0.824908899748679 0.0636609742540607 0.01958280802759 -0.0548918623659772 -0.726671541497693 0.0981510398492541 0.349859941057637 -0.140883579045053 0.51544481054718 -0.0186036246444832 -0.0735420979870505 -0.047448149372197 -0.0418505987811353 0.0867771392216478 0.0556519624476623 -0.0622293754992382 0.081244683549792 -0.155282623702925 0.04618761793393 
F08 -0.0033207848508049 -0.027708879903782 0.00350598809489434 -0.00685233639314858 0.00474585629192293 0.00638295973898735 -0.012112651518985 0.00857715266227035 -0.0847412668169727 0.090696930897522 0.0149292231247924 0.115752768330607 -0.0113882502102624 0.0187621355100458 0.274591762206704 -0.49053030741953 -0.0339975277145491 -0.272051753654324 -0.0197615588550947 -0.424519915713909 -0.00901747633783355 0.0639332646474036 0.0768702641013436 1.06720434287908 0.0306510312832137 -0.297245954161847 -0.105645754541294 -0.0086151376182157 0.0211791355022092 0.00615724741502941 
F09 0.045038651605464 0.00740821301152874 -0.00273317176050859 0.0120238306711167 0.00325884558274688 -0.00274643318817836 0.00903940656138861 -0.0365265454694437 0.0521827209716304 0.0132772748384815 0.0544407076800353 -0.0225912864644237 -0.191558228866163 0.00678278241177976 0.11289347418802 0.00115510905398846 -0.129510141706323 -0.00701388696719669 -0.035179997261394 -0.0315395550873883 0.356756041841334 -0.00589252934819303 -0.0671559518373544 0.0081474648890252 -0.183946872234467 -0.0259584469119609 0.016846449734037 0.0346914701755219 0.061725727022342 -0.00918373365859728 
F10 0.00378511469268658 0.00538092461154527 -0.00627266376079463 -0.0304107655352415 -0.00198557010429905 -0.00217808328362845 0.0225271469135629 0.0613108628508181 -0.0212693611291508 0.0503529111270305 0.276933777368043 -0.125053063353958 0.000862652703239738 -0.00116160626512096 -0.319774143922302 -0.372911431589387 0.059895754544626 0.0639351624345694 -0.212864547532251 -0.172667459609473 0.00906268732273631 0.00592615851538894 -0.231523946983954 -0.076346503613847 -0.284369973219367 -0.144433308630153 1.13758140957543 0.489764078366881 -0.146705387958431 -0.0308481738537582 
F11 0.00257071964510645 -0.00499635650499178 0.000761290015917759 0.00518098808068436 0.00978529111346313 0.0192722793268313 0.0147554895623094 0.025285220651802 -0.121839446940817 0.0416770593419676 -0.0755919048414634 -0.23491998703709 -0.0220102242723601 0.00365013118991643 1.37926332953912 -0.301938235061244 -0.261896607749005 0.0636604957919535 -0.27501471000914 0.0546823140596748 -0.0203047447019131 0.00318994294707458 -0.0939404169171969 0.135441453733272 0.0177687021714917 -0.0263726741138656 -0.358254830758584 -0.0392144436551501 0.0669451592489252 -0.0048798000236904 
F12 -0.0265036677969191 -0.0669982999812705 0.0149287459601406 0.0182964210921494 -0.0127808999701292 -0.0264729309434749 0.0703401070588539 -0.0510508476394222 0.0057879330547566 -0.105597350770798 0.295542484457122 -0.490487889301408 -0.0316490470808675 0.172947069727363 0.00257681528245892 -0.00655366118940681 -0.0821289492150559 0.7028070985367 0.0967389918781631 -0.131751362062623 -0.00521700858539787 -0.0297893111500846 0.0265309484657776 -0.545010817003856 -0.0413559222725191 0.100292254701822 0.226525907331434 -0.033843049829471 -0.00746821509026842 -0.0514533007844603 
F13 -0.298565043797993 -0.146585856423162 0.195366352709627 0.563548319044703 -0.0576948330487836 -0.00862894281462522 -0.0370194976145135 -0.424713552184166 -0.0655899966410447 0.020073439183195 -0.0448218502231047 0.122047010842391 0.0524686526452641 0.00789703983789121 -0.0080637571281808 -0.0815938588330868 0.0842675737936669 0.0348703560849596 0.0651803406080413 0.0526181427942187 -0.00289369479391841 -0.00642848639586972 -0.097843946727643 -0.00398597025427598 0.0491634568492158 -9.13891219960639e-05 -0.00791733974178837 0.0335696889240078 -0.0372909088229551 0.0290162768801166 
F14 0.00155293692768279 -0.00151422997086019 0.00891906915938935 -0.00325907514004914 -0.00282446675159481 0.000663420687382086 0.00467122692324694 -0.0230828318336739 -0.00347075849036343 0.0234991982764924 -0.0234099401334297 0.0628853558017561 0.00215585657775373 0.0232960526947109 -0.0216688305240404 0.0524851455227873 0.0066110840238524 -0.0551278434233979 0.0192008452732123 0.0728752040997057 0.0051964721658852 0.00165563393337785 -0.0521840844863908 -0.204598153396396 -0.00450090317324149 0.590700267860618 0.18186747989501 -0.259699345141832 -0.276299427615577 -0.119505139157424 
F15 0.1663739002475 -0.170402248728309 0.00776363218708742 -0.00744147707892202 0.00985192016556831 0.0156280946501388 0.00458313170336069 0.0137748892284883 -0.027488202732193 0.0202180576096643 0.0451444510495998 -0.0644471726924241 -0.0484274891218845 0.0263208493114564 0.0167736282744974 0.0409158613196987 -0.0184000861996446 -0.0274859662608372 0.00233322828357185 -0.0494720699518225 -0.00646048635306101 0.0190275952807664 0.00535058444721055 0.0165690071353626 0.0100046509810126 -0.00345996231619965 0.0480927849603884 -0.0153022924972309 -0.0346583139151434 0.0504919937179467 
F16 -0.00585923784505901 -0.0105683432268268 -0.00394121182857999 -0.00503511700518002 0.00059111540063527 -0.00149755089526932 -0.0229077489708921 0.0200192905095578 -0.0129262700589556 0.00886294469624212 0.110303928288998 -0.165009671399776 -0.00261884296315464 -0.00203903809816953 -0.0903482766884901 0.0945356926034992 0.0463408086405586 0.013304854899598 0.225873166595999 -0.319843596769505 -0.0546239107064157 -0.00364417552168819 -0.271106093061365 -0.127761094683566 0.595491251977779 0.177647490661589 0.382614983922864 0.134017029236342 -0.734726597465776 0.0413911454004217 
F17 -0.0873237409743052 -0.00767659433392448 0.00496215002083444 -0.0290659162522421 -0.0106410888273578 0.00329681006170007 -0.00185940282565848 -0.0526240134294195 0.00844665060431009 0.035747437902627 0.0203043419011921 -0.0343013278546266 0.218962023106544 -0.00817593812560416 -0.32974906850078 0.0911939003295038 0.344891014786984 -0.0362584802944796 0.00660337227755802 -0.0113060267874621 0.0416128268277042 -0.000383748625755773 -0.160701041831921 -0.0104380344391191 -0.133223680778883 0.00075092694490955 0.112801638828738 0.0483683752258853 0.0102999505621398 -0.00845316192640628 
F18 -0.0862815246425443 -0.00475184649480443 0.0322108127401937 -0.0993853204778365 0.212763151596573 -0.000120188534844018 -0.0276272264398871 0.0543657982110655 -0.0739102407111679 -0.000209070589616058 0.00554532324107181 -0.00751635249453846 -0.03935553632583 -0.000244580401116956 0.036339060236889 0.00227462660218564 -0.00582331221616211 -0.00744928307524551 0.00620921228562565 -0.0146961180404212 -0.00169976343899882 0.00401960064249149 -0.00206034778755128 0.00428483494497418 0.00595319514968755 -0.00346450962951426 -0.0134589340837065 0.0038554951357421 0.00610995694119211 0.00362843140911804 
F19 -0.0230609334154644 -0.0518156910988976 0.0266850319984311 -0.140167258882568 -0.000343806031149566 0.316931474190101 0.0272730137591468 -0.0504446972069364 0.0432584310931497 -0.178089277810614 0.0410380672239176 -0.0260630036792671 0.0101143756969631 -0.0454704910817319 -0.0473106695359992 0.0822470806081013 -0.0105911219751165 0.0213384804896689 0.044223824048094 -0.0510516455049462 -2.62856356292407e-05 0.00431725270834063 0.0166588826602291 -0.0283930562912606 -0.00744809483126055 0.00573185146814729 0.0210868894802943 -0.0114576778975851 0.00565981756264889 0.00851269343294439 
F20 -0.011215366664519 -0.0244127182706337 0.00293938529726761 0.0197558487268368 0.00773992514791164 -0.0206621120667735 0.00637412108165797 -0.271147462431368 -0.0174474982288083 0.549269386509921 -0.173104353964055 0.0554945405271637 0.025607623959659 -0.0115742063380527 0.0797528360311927 -0.141654057088804 0.0496702077614693 -0.189687665793699 -0.055177745031242 0.167021764924781 -0.000556756395753406 -0.00920863927509026 -0.0355681578753121 0.0273843373980084 0.0307016951000521 0.00411449720377162 -0.109541863192383 0.0675227808697582 -0.0278869122232472 0.00757043658297491 
F21 -0.00639718423546157 -0.0364669848373333 0.00507951956249962 -0.0032259862585586 -0.000576599089042065 -0.0153689946140262 -0.000993525429571425 0.0220863921080947 0.00204441158763937 -0.0884662149636541 -0.00833704466324722 0.0230646764998835 -0.000846147490309916 0.187722911586896 -0.00994715903523242 0.0544751292616028 0.00385788388068544 -0.120366907188461 0.0182729251087365 -0.00610689206169631 -0.000510802171008417 -0.048607646436463 0.000889445322629472 0.0348439818953718 0.00754899435018454 0.00691372104819536 -0.0213374648391072 0.00797560889338443 -0.00606202119564044 -0.00102889002178912 
F22 0.0392228016470466 0.0032613829261254 -0.00662423077132728 0.00605766118520926 0.00273126306910059 -0.00292168440764498 -0.00348757578717649 -0.00679132722606005 0.0253172210853899 0.00611731142041506 -0.00304014724416153 0.0223385022035174 -0.178269174483426 0.00227793187437161 -0.203936529641199 0.0253379409079684 0.281984864407044 -0.0134604762999041 0.000359783291173084 0.0261391168340529 -0.0422459028285182 0.00227010741872052 -0.0196056419516656 -0.00952238804290938 0.0192519061993384 0.00429308013973508 0.00868225069925919 -0.00408161243751493 -0.00157556966213185 0.00237784453340505 
F23 -0.0035842885546175 -0.000435999765159214 -0.00281072170386425 -0.00859993879418888 -0.0299952928512895 0.0127558722263463 -0.0615664060705309 -0.102327042149082 0.433060707965975 0.045227709530527 -0.131706417284387 0.0172545053426516 -0.0649325470527103 0.00230788378277742 0.0351547422988266 -0.00792366510591879 -0.16842797190147 -0.0151107122016661 -0.0392503071435069 0.0372427497108039 0.0082501030442469 0.00481902928474343 0.0191346162429217 0.021288690772901 0.0219775982629273 0.000327837821792968 0.00581880582706244 -0.00678390406105234 -0.0320852905259288 0.000877291926845749 
F24 0.000674834180303882 -0.00125826305177456 0.00177002113020067 0.00190049285230939 0.00176872395649924 0.00254269709672602 -0.0257739152662529 0.0254086740636504 0.00629269836668765 -0.0459639672267162 -0.0466823337547099 0.0450278713228181 -0.00783822269647592 0.00053455576956946 0.149600982893654 -0.0515864152518273 -0.0533810345957556 0.0819200864007326 0.0788165381096618 -0.260909145974307 -0.00950617004091096 -0.00590654716212976 0.154119327442144 -0.337439578024113 0.0921612216592762 -0.0218545312865543 -0.506168431279568 0.796581955153622 -0.0633094969432302 -0.00510078231904072 
F25 -0.00076539028675794 -0.000244496222946211 0.00228313720608807 0.00266439647018894 -0.00175053069145988 0.000424178852868684 -0.00949285683764418 0.0081265831968254 0.0500847387902644 -0.0263695730255297 -0.0213440190938496 0.0543751302804356 -0.00488854339956659 -0.000604922304754227 -0.298008238363277 0.0842712000601886 -0.100982158287431 -0.00593405958524029 0.0603764127864628 -0.0897481878332009 -0.0534279241284122 -0.000101521912965045 0.544516194497009 0.00078433641286107 -0.103465103297512 0.00232937191094591 -0.0758354665289132 -0.060646458861555 0.0426822544320811 -0.00363972766025819 
F26 -0.00140991541508097 -0.00724910392907914 0.00193281381374827 0.00351691385186784 0.000931772163421963 0.00698853706586597 -0.00867866545825827 0.00285229899324063 0.00856078086251978 -0.0182473286884422 -0.062726341790921 0.0979368733135469 -0.00264049696958814 -0.0372632235819676 -0.00253874240878851 0.00457967402779122 0.000989124397440238 -0.0601851547819349 -0.0255989505441444 0.0424579621666533 -0.00502628025474072 0.194875395731231 0.0162521817765016 -0.0893521565889563 0.00285725350853669 -0.115069734425513 -0.0374354678122538 0.0775506426408677 0.0388094700673736 -0.0241743469669842 
F27 0.0113489201543937 0.00329711370364164 -0.00889388473774872 -0.057163112470827 -0.00935682647249555 0.0150332354798641 0.307563597739447 -0.159983792841851 -0.103581703091001 0.00449406447100232 -0.0595121264634604 0.0579132627077864 -0.00129196407352534 0.00303942654773117 0.0144199063870534 -0.0825369036759079 0.0181035599071062 0.0276747214708313 -0.0208969386104569 0.0562321539455376 -0.00397174624223694 -0.00245152508317602 -0.00045846356530681 -0.0126651320316779 0.0239758471751025 -0.00536877116087466 -0.0665312089642447 0.0652996945371101 -0.00988647161237041 0.00305924715432694 
F28 0.00036356558923001 0.000522128243161445 0.000719899815926329 0.00135292244536908 0.000211994746794608 0.00149193836648806 0.00646275720295826 -0.00100799821586152 0.016608103573996 -0.0271941735810971 -0.152310857654425 0.122431368021025 0.00352557523985807 -0.00153642019051369 0.148203493408325 0.173082696039895 0.00239716742129681 -0.0234821187394158 -0.0621828678513057 -0.258349328251611 0.000912513741096592 0.00034251026134185 -0.0447599440192368 -0.0326778206802817 -0.0169029058923589 0.00657148561968139 0.141443082945348 0.00206640216138383 -0.00225146570871516 -0.00314594763989254 
F29 0.0016913838017052 0.00175665849423238 -0.00043354973997993 -0.0079526048438108 0.000569953494695899 -0.00211383777074438 0.0210963455389567 0.0340961893027824 0.00347923627661168 0.0128622321292739 -0.109066622217894 -0.13648098826908 0.00437758226445892 -9.71629688703378e-05 -0.0360177815282113 -0.064842637195639 0.0152682893148756 0.00421532479305974 0.323699374505793 -0.0962810973884014 0.00105970766593738 0.000704020695527895 -0.00731046121345177 0.0200082862703062 -0.00987694189575038 -0.0115355335346235 0.0135043093347286 0.0084200984677963 0.0211824440838905 -0.0022196587400985 
