 lhe rhe LE MiPf LLPf RLPf LMPf RMPf LDFr RDFr LMFr RMFr LLFr RLFr LMCe RMCe LDCe RDCe MiCe MiPa LLTe RLTe LDPa RDPa LLOc RLOc LMOc RMOc MiOc A2 
F00 0.0176059116594016 -0.0289899109699457 0.0544283612631468 -0.104089882882115 0.0117571460210239 -0.00441339100756321 0.104054514862925 -0.0148042590395035 0.0324385126978044 -0.112123105516452 -0.574721003933253 0.168348402954314 0.36694340818236 0.22744141036702 0.165000208440742 -0.551872048646996 -0.0842428241461661 0.175231465224336 0.969026305224943 -0.103910612367572 1.21562876170184 0.0314044238502045 -0.712946181070222 0.072350232473689 -0.0294381441080404 0.167971621963601 0.152519834029602 -0.240507298462928 0.0262050203100592 -0.061916655752383 
F01 0.164653809708196 0.0086245878747759 -0.268144768689225 0.195801375072203 0.0179715388741667 0.0614021327952897 -0.0742710611872479 -0.0907125372629797 -0.0235552939791624 -0.0382808530000977 0.0555589205352625 0.0174235046124184 -0.0727668643261417 -0.0231851882198099 -0.0525289948221593 -0.0111968964326008 0.0510869315372552 0.0291479429436863 0.010847214615437 0.00507388115437892 -0.0207137422915784 -0.0021417992595407 -0.00123849669106051 -0.0182507509864697 0.00514557539722621 0.0066423435161825 0.0091175282435294 0.0100215639789901 -0.00823854725001584 0.0174574130551187 
F02 0.0840139644343435 0.00282649305150155 -0.00983557674800659 0.038467163999758 0.00174809317146078 -0.00199232138849496 -0.124758439381422 0.0478351796541388 -0.0890745557329921 0.0879192726823193 0.276553059842054 -0.126006026433183 -0.513294362255823 -0.0347463294677589 0.0244577510854714 0.16189659279422 0.0153927737857587 -0.0655400609301187 -0.194182372580049 -0.0918168827936768 1.60775257451377 -0.0960744532953782 -0.697442115982782 0.0675104848138877 -0.383248380738751 -0.030961117215161 0.321455579225632 -0.0176262644316368 0.014146005109211 0.00938710486436465 
F03 0.0123487227584312 0.0023416809053138 -0.0175088571322331 0.0442207740401064 -0.0144538283460147 -0.0202038752117111 0.00939162385054133 -0.0826517673470872 -0.0364384523884599 -0.149968797191951 -0.0290700120812472 0.181186880570571 -0.00204346937417885 0.0317557065134442 0.044874479252224 -0.323139640429019 0.0705850128195096 0.439932085353768 0.152460832480548 -0.543889033310112 0.0043431676390806 0.0537493480646806 0.0777877389124375 -0.94519580438624 0.148025328799621 -0.242938566131477 -0.60852947771765 2.08041830230928 -0.301235538174107 -0.00839261881929788 
F04 0.0189297704306185 -0.00362704515024447 -0.0107664552420582 -0.0324906210659716 0.00881775786185414 0.0276422288024551 -0.0692358203067126 0.0519036491563838 0.00651293812318986 0.0846063086200057 0.224566611317981 -0.0492063008677587 -0.0242547771906278 -0.0247839831486451 0.0144548606138084 0.218678849619919 -0.203986579700197 -0.150007617960631 -0.565233529749004 0.656032667309557 0.201633980940399 0.00931602688255928 0.255112946182732 0.21947505641099 -0.329572624282813 0.0382774659389366 -0.198669385545309 -0.904856602924856 0.599902793542813 -0.00360269418464688 
F05 -0.0249551568989836 -0.0045840452937825 0.00170217130682571 -0.000947850335269272 0.00343960866050504 0.00886390611097336 -0.00988304614807147 0.00610797731120014 -0.0215143075074445 0.00668691598274605 -0.0211225567977206 -0.0410043933686496 0.150598235208377 -0.00445457621913524 0.0611029718481206 -0.0490579624286899 0.0818757393759386 0.0358039631802702 0.0398735267908343 0.00817970934241333 -0.396303458521135 0.0116525577906902 -0.171720820232877 -0.0399613873312296 0.6284396107511 -0.0767127323905521 -0.213887670878012 0.20990082569788 -0.161197946478412 0.000218739307143117 
F06 -0.00630714728650819 0.00819716840294211 0.0022233291713604 0.00353815608524192 0.000619525699697763 0.00893403660809024 0.00201694672995136 -0.0309046575343982 -0.00152061750475087 0.000385646796006578 0.0325798410569303 0.0289345587495765 0.0311835213389837 -0.0243367711575158 -0.0340088784075926 0.165414969056752 0.00964498447188519 -0.00266031447625207 -0.12850417447105 0.111819291009917 -0.0701448138930144 -0.0588078632253903 -0.0326489152002661 -0.249793242530154 0.0188351529217373 0.461608526373958 0.184337490460704 -0.248035392429884 -0.171448123143222 -0.00455254814420791 
F07 0.0067716923621051 0.0368264175234462 -0.00782681180770355 0.0405221708057923 -0.00822081837391784 -0.018956186634197 -0.0109159440071455 1.41401054016049e-05 0.0144947349961066 -0.148283484897851 -0.000409298291822682 0.0701094130169301 -0.0127629766483894 -0.00558491578936111 0.0327439541307718 -0.366795664656071 -0.00974298917825451 -0.151428584824868 0.118304660171292 -0.122862266937932 0.0266257010019765 -0.067019658493204 -0.103230493663151 1.0628754536972 -0.0293414427631083 -0.200314989971068 0.169515588113324 -0.368360064849791 0.0535913776938206 -0.000398202669402188 
F08 -0.172749980165849 0.00519029774332983 -0.0128801538768539 0.0347933918434839 -0.046845714104187 0.0099047259966932 0.0188522742035757 -0.0143365697973734 -0.467478769232906 0.0917464639782789 0.313015407225706 -0.16000236053345 0.989677266301284 -0.11306346629751 0.0247172214062148 0.153237417398907 -0.134022852698198 -0.042253334108273 -0.186321965960671 -0.00422540412151583 -0.293891773528466 0.0037045443261283 0.0806046098449684 -0.0214375347567603 0.112954268101595 0.0183759835105777 -0.031976801028194 0.030119723055325 -0.0491558377393457 0.00348563039687637 
F09 0.0234482799074044 -0.00703873742913913 -0.00326501857673413 0.00232108228126421 -0.0116766019469958 0.0140314481121427 -0.0169587273722144 0.00407023288295718 -0.0043387471207576 0.014901788085229 -0.0117686446516925 -0.0605338461346513 -0.0606593633541829 0.0110421293003755 -0.108800256333975 0.0657877788072866 0.151746850500252 -0.0432756796674089 0.207773938499693 -0.359463965156242 0.140610640434867 -0.0216291647514375 -0.563150828995993 0.201176528711531 -0.289543658557373 0.113649734400216 1.39254565663167 -0.69734193276624 -0.0906668583812942 -0.00107539220867901 
F10 -0.259826915784013 0.257030620158808 -0.00227623103444651 0.0113541844995695 0.030181723813379 -0.0274886996278597 0.0192192486503549 -0.0136532246312362 -0.0179680596452697 0.0276836670043482 -0.00731201206125273 -0.0053125122263914 0.182749463133096 -0.18822352805036 0.0103624797491821 -0.0148648569299332 -0.047546060156163 0.0441344038333376 0.00500741836406281 -0.00364003431464802 -0.0452907474242528 0.0269901676011649 0.0378255303313759 -0.0207942584269806 0.00235301768438777 0.00276797484872369 -0.013372675760421 0.012039648521273 -0.00257698646977109 -0.0314704050999632 
F11 0.0189365689701491 0.00877010064272494 -0.00319441757202936 -0.0149520686827045 -0.00354198164570444 0.0090337449302311 -0.0126392348998045 -0.026939493634977 -0.16772672346982 -0.00394282434448805 0.925851381861356 -0.420160238319546 -0.0204427654331138 -0.0113291654632743 -0.202121154584419 0.161582222484343 -0.143614157327756 0.0334271775452239 -0.306421372969705 0.103507469717647 0.0156379147465069 -0.0100279801473843 0.181133106540427 -0.0323538076557156 -0.0175280505111426 0.0175857118593364 -0.0334849579343304 -0.0323217751128249 -0.00557822446232543 -0.00117933580012308 
F12 0.0173088226168378 0.00289828492570382 -0.00615148104235626 0.0303759534701932 -0.0146577088562825 -0.0089009738895872 0.00269019373898175 0.00061018071421617 -0.201634289816441 0.0323015804122599 0.0286196986728977 -0.0275528076613901 -0.0568352604504555 -0.012744100622869 0.149661150536442 0.0285943167765052 0.483335739835429 -0.0385386140519476 -0.13342463661404 -0.0196889812990803 -0.203034078295589 0.0150048144217382 -0.086778591197037 -0.00872866516472758 0.0521336513640451 -0.00155802085277704 -0.102497333066321 0.0261669908121178 0.0123887855443019 -0.00306273528588082 
F13 0.0269265085827609 -0.0295395158826949 0.00556633322266371 -0.0664748720520367 -0.00365745814650353 -0.0445314514882466 -0.081756104694426 0.226754373214037 -0.0748721975239946 0.796940696017833 0.19956403613905 -0.815181071482356 -0.00346820601248391 -0.0846038388364471 0.000523930184966071 0.0404684672149032 -0.000328206634164255 -0.33904176105502 0.0903563135275466 -0.00295486260376227 0.0184333151044198 -0.0504673927738857 -0.0158519654285872 0.314464504731248 -0.00526923709170314 -0.0313276843218907 0.0313430714143676 -0.0877906043644202 -0.00739279012375956 0.0102530403690619 
F14 0.0136813842180125 0.00651576679692716 -0.0056070546161108 0.00422117317994231 0.000347364090587167 0.0034386191525229 -0.0266431502911619 -0.0130578705329068 -0.00959320520339143 -0.042107432991735 0.128222422734326 0.112210337017865 -0.00513089870247605 -0.00268656544987395 0.00219568563146198 -0.113073005602383 -0.0560110287071809 0.0613517438062 -0.53890653320185 0.901091786340624 0.0180010639876499 -0.0225301890434268 0.0233712604487382 -0.00443484431220878 0.0342632370433699 0.052872817769058 -0.272178413924163 -0.278301521019832 0.0381695658847507 -0.000422539145499422 
F15 0.372738599240959 0.361568483131624 -0.0466133827669803 -0.0527206015819367 -0.0256986697708424 -0.00313778866923502 -0.0415569929842435 -0.0114216236308949 0.00395847700679425 0.0457733632530378 0.0479629561862398 0.00350989484642364 -0.259663238010323 -0.353278694742229 0.0351261296903209 -0.00292982280748282 0.0513510525474461 0.0572152625472427 -0.0637254133107286 0.0166432575928926 0.19719673970268 0.0456290671253151 -0.129273562681502 -0.0152165633761102 -0.00869355990675534 0.00142281333575175 0.0395678842559738 -0.0062546566881826 -0.00381698512434043 -0.042400014325089 
F16 0.011257078033535 0.0308153441748339 -0.00226563006153629 0.00128167459257395 -0.0061954286385167 0.00544864943664148 0.0266475363958742 -0.018061759533075 -0.0315807887246463 0.0559981175218308 0.11593806112127 -0.262301249981362 -0.0223737480568661 -0.0524414995928725 -0.0673472767737818 1.4512504187477 0.119068065240776 -0.513481884188737 -0.356249600101388 -0.375016184259266 -0.0416501048936138 0.0847230431030386 0.00424965769785471 -0.306781461739546 0.0040522944410914 0.0315397621948861 0.0933225611166731 0.0459064808470538 -0.034133078029594 0.00243082854022221 
F17 0.00120720489888522 0.0256008765368727 0.00133312469796933 -0.00129805072985977 0.00844428305335489 0.00568352938663102 -0.0659406484483644 -0.0470823834699089 0.020671967944159 -0.176335886826168 -0.149487068025419 0.945381379193888 -0.00873594473396285 -0.0513333241137052 0.0449328321816719 -0.139577130501165 0.0566050578144191 -0.151871923611315 -0.598745327050898 0.191848310177918 -0.0530909054613636 0.0317578289429771 0.0244841648398144 0.196166752715106 0.0218516675395065 -0.0430087775855596 -0.0362205516503324 -0.0596223720154766 0.00389200464329185 0.00152663812193065 
F18 -0.00351658935225967 -0.00161345977383757 0.000480647836502256 0.00380743104141301 -0.00181240620373099 0.00878268624926933 0.0270352715476897 -0.0493363196608154 -0.0425722530552415 0.0755354225505591 0.0818300141403913 -0.0685270711484053 0.0491006475754871 -0.108208556410177 -0.0105253364548827 0.313433257741909 -0.0135527446351374 -0.10107134298646 -0.147321404556014 -0.0348719070835245 -0.0891988340230849 0.491393180232675 0.103725074039222 -0.459740115883128 0.0373810387331917 -0.11306069445657 -0.112480441251421 0.259001168301289 0.00192313325663774 -0.0653704199980247 
F19 -0.000603686986795973 -0.142921206001989 0.00653179080536247 0.0351284031613494 0.000597431167327265 -0.0387688602286038 0.000693903732120001 -0.0331027887386759 -0.0162965727635713 -0.199015742764591 0.0626710370510245 0.077703404810373 -0.0527947593503036 0.59151538090614 0.0122531964824043 0.253354761629769 0.0315773494736037 -0.182317309258862 -0.214677617423499 0.00255473162505428 0.0649727643040417 -0.209147448915372 -0.0636833088343895 0.0363608802904361 -0.000907555129451791 0.0690226169767906 0.0644347495698526 -0.0683393671310805 -0.0243100635671229 -0.0141069045550078 
F20 -0.304520272488142 -0.214220712500617 0.254308500937213 0.247327284372899 -0.00349094839744417 0.026570032781482 -0.0666793995060207 -0.0960491657245499 -0.0389539959405035 -0.0286730335690955 0.0688081315062197 -0.00501446616034359 0.130115989305987 0.0754516073903895 0.0249545995965953 0.034044654822802 -0.0352719347556373 0.00329712075709123 -0.0418648538338397 -0.0100561579060748 0.00868014761345271 -0.00539762271750896 -6.30047674105011e-05 -0.0177574120257446 -0.00200447051818617 0.00289174117839294 0.00288756786023399 0.00887063603605686 -0.00354435348787234 0.00587936139656588 
F21 -0.000303729162267139 0.00227332069578242 -0.00312189855312807 0.000551523953095312 -0.00136406643169805 0.000123595669105703 0.0113416891766276 -0.0197117901605743 0.0871277722131289 -0.0215981825778 -0.0615755217709136 0.0125184188089126 0.0789999127670222 0.00682754810179657 -0.0168556525185821 0.0209873589985019 -0.500185614637918 0.0277509137955168 0.0926046457222838 -0.0722645110209581 -0.103989697382569 0.0143437281768802 0.818102058824153 -0.0779215713655935 -0.070762632449366 -0.0259244472517079 -0.386662964714311 0.129963865161665 0.0473604515982712 -0.000607546217126372 
F22 -0.0769792748783286 -0.00316723355386972 0.0218768735016405 -0.0635034058584056 0.0526121192929305 0.0253082725203198 -0.0715248734085939 0.0125362028748568 0.459578623417308 -0.0190892621190854 -0.246301267646806 0.0437687513270291 -0.0518813130009449 -0.00703938155412762 0.0194938464372957 0.0466096742598073 -0.0986481853361775 -0.0137414366408662 -0.084546690242985 0.0454324088100327 -0.0203908492692108 0.00417722475822137 0.0622565301564557 -0.00591237196843487 -0.00082150053341624 0.00329818082355729 -0.0169987116869663 -0.015290965627896 -0.00203007294446607 -0.0015267004218172 
F23 0.0123319759250425 0.00873556625652137 -0.00514348790258641 0.00127162256597155 -0.00150040514643342 0.0137507247777923 0.0130146647331005 -0.0409206637086647 -0.0269346023976176 -0.0804670743045465 0.0644369665113159 -0.0166017607743628 0.0177483587396669 -0.089840675858745 0.0146191314396601 -0.127823984753521 -0.0369774476081723 0.578391789412698 -0.107911724467186 0.0990886139839965 -0.0116966463083715 -0.084363865014155 0.0380239506464925 -0.335277463369449 0.0114691265678102 0.0691746856537575 -0.042572658043474 0.0739574630088746 -0.0131590211630471 0.0112757068613293 
F24 -0.0333911882203902 -0.0294297951837216 0.00087067686768749 0.00141920320675197 0.00595624926485941 0.012336212822748 -0.0111626770513872 0.0157687178459309 -0.0172117915127997 0.0234006504825588 0.00980615855015833 -0.0183631061516915 0.0553389609522226 -0.0653733380976617 0.0147407005478602 -0.0875999592441453 -0.030768791193327 0.0695491307744386 0.0196200430204703 -0.00512542738120216 0.0779760652223896 -0.186069977986201 -0.00685715687611102 0.0938316990908321 -0.011712563775238 -0.0273169100339942 -0.00777212178898643 0.014717939334982 0.00542272050686832 0.249545401492663 
F25 -0.0961943124299039 0.0032954074263009 0.0303265248642193 -0.104024925051996 0.184246255669387 0.00446911843484218 -0.0190383120919169 0.0376378665451095 -0.101829170455624 -0.00315995712252593 0.0340858304285808 -0.00245284558493204 0.0115287810630701 0.0011304752552971 0.00136365830335594 -0.00222288390312155 0.0296200614648104 0.000431810197386252 -0.00418349120625637 0.000602289681378642 0.00328091914437358 -0.00108574407053143 -0.0242894161709432 0.0017112655783976 0.00038218261288309 0.000407531361873107 0.00828120134513869 -0.00313863111832399 0.000191313360327832 0.00156137988829114 
F26 0.000284096448322387 -0.00054254360374564 0.00164766619918714 -0.069636999034043 -0.0174719203703929 0.0139335742325995 0.338464761341413 -0.0252990386831975 -0.100638837887262 -0.0315491190250439 -0.141427027126235 -0.0451292329462115 0.00290247690866927 -0.00387369566152093 0.00347103696053824 0.0107739391153812 0.0477920763308831 0.0174820836770557 0.0307731578342201 -0.0126752349314057 -0.00735867647000335 -0.0060855024280232 -0.020656027288372 -0.00456063295013641 0.00598481750497979 0.00373905359167824 0.0148516183915267 0.00169297585811163 -0.0060495162813542 0.000768429382103619 
F27 -0.00124023418702801 -0.0806340365745579 0.0311036209091801 -0.111061408167664 0.00519235838374395 0.212816559720534 0.0163217783903646 -0.0195218037828071 -0.000936747130064894 -0.115644400160477 0.00477025560465625 0.0653118612091954 0.00407210564484503 -0.00714644579417711 -6.53027279359515e-05 0.00417879218538366 -0.00489603983669196 0.0198663840626959 -0.0245581767742273 0.00432404531466196 -0.00234378518249928 0.0036218738116262 0.0067032921198324 -0.0177039674251136 0.00099145376207106 0.00384740913626014 -0.00359927029784287 0.00320575299693821 -0.00122207306818424 0.00379564574905922 
F28 0.00194521323219971 0.00309376453081343 -0.00303443910229413 -0.0285489266848568 0.00818052552713885 -0.0195488896155702 -0.12138189109388 0.26636452329718 0.0218046225112687 -0.114858313318559 0.01447593270067 -0.0847396098127128 0.00359496376583065 0.00404880756419411 0.00189018799120742 0.0499312592163918 -0.0143171462260588 0.0386383392408971 0.00786850361649622 -0.0175913601011534 -0.00880323667332208 0.00889669421316954 0.0194799251845414 -0.0500947933046065 0.00358232986483332 0.00330956723712723 -0.00968107621975452 0.0241317616853046 -0.00503823127555393 -0.0034220868786519 
F29 -0.00711106649602346 -0.00271755513765319 0.00369910343193354 -0.00241208429799607 0.00223247620905221 0.00376660148047888 0.00880558371932277 -0.011788669376387 0.0175971625115142 -0.0063816053235116 -0.0375786850296877 0.0428831074441128 0.0158976465487905 0.00225536771490611 0.24313753713057 0.0397156680701808 -0.124799193988639 -0.0144958077910821 -0.0990789015971602 -0.0576444042491189 0.0661891173781278 0.00591984790069459 -0.0863806043720696 -0.00441616063835627 -0.00678935259913225 -0.00118309146672817 0.026155984228148 0.00421516712435568 -0.00431099419956829 -0.00121467959348691 
