 F00 F01 F02 F03 F04 F05 F06 F07 F08 F09 F10 F11 F12 F13 F14 F15 F16 F17 F18 F19 F20 F21 F22 F23 F24 F25 F26 F27 F28 F29 
lhe 0.426393122741945 0.636106368089042 -0.734401946652413 -0.108839047535942 -0.239943613692267 -0.649996972511907 -0.497523293019623 -0.247415969252859 0.535011773470538 -0.142097007110966 -2.1949579506679 0.362715054271116 -0.256433381168217 0.332683897171725 -0.158862737127625 2.21033786836403 0.0135354747109655 0.405986151530946 0.0235966431323971 0.540435850058229 0.850944398840867 -0.168083211221035 0.728573278981633 0.154453749621773 0.167112930884721 0.559063206349325 0.738746136681024 -0.49660418146595 0.470765671126046 -0.0920819917050231 
rhe 0.500309313811478 0.443503337192974 -0.98162967716793 -0.135643004680081 -0.239493056384809 -0.690018497611057 -0.326866170754828 0.115170598570601 -0.66788926618058 -0.238326830599321 3.20046713800796 0.135035308245128 -0.51638388608785 0.980898627523733 -0.229977900728836 2.2288199341632 -0.0974419721202952 0.495165802502767 1.16585064510685 2.52180601153789 0.600249381181937 -0.432396739136194 -0.540592626863798 0.65574345497405 1.25382047805854 -0.401836250779475 0.0998919542843708 0.967533009631907 0.698535218596538 -0.423735729027282 
LE 0.326791871108809 -1.41647624640858 -0.834262443271849 -0.141973426040663 -0.257542040093452 -0.631019536620324 -0.353077402680968 -0.148404928632097 -0.0936968582210042 -0.204869729445493 -0.654379313875498 0.20041500413807 -0.418633026783793 0.469665533281758 -0.221631158117197 2.62435200150611 -0.054441216847351 0.368902944894845 0.353627182390146 1.02040346587549 2.6348318737644 -0.317874784067509 0.131269123870745 0.230730631574879 0.606564166663935 0.550240368054885 0.497303180271632 0.285624101775253 0.483035836067067 -0.768171669104611 
MiPf 0.78790905097024 3.04753781828317 -1.13348871339581 -0.155964394327498 -0.330837029150875 -0.798395837028627 -0.788367277322721 -0.47426425804605 -0.629208787474074 -0.203478342303243 0.708760853318671 0.841442523655186 -0.511717797787579 1.15073781667711 -0.183739815258585 1.60499372144469 0.243816472941837 1.29870998391532 -0.0400914955720711 0.722161708469715 3.31581670628607 -0.437774582027077 0.127282554747215 0.354248359695358 0.285438666990211 -0.320333880354835 2.08990661532858 -0.795812415610464 2.13052649173848 0.490018804194976 
LLPf 0.7571865679785 2.39785882637368 -1.01381974976455 -0.103183828263645 -0.316980694588884 -0.744817528459482 -0.779331405677489 -0.467141729961322 -0.101074286058523 -0.136114296435313 -0.901656144072175 1.04938281818991 -0.292481635205174 0.642448600194659 -0.159208149299237 1.61429348355526 0.228802515489277 0.889108813403202 -0.268398974536624 0.288165679930548 1.93731849828008 -0.229126298606709 1.70655653508392 0.120113555031196 0.0622806974489744 5.18056627470212 1.77390116366883 -1.22184355177142 0.714678881574951 0.542289317866902 
RLPf 0.825105958676007 2.18428798376372 -1.16929854689997 -0.128974771885168 -0.308727464127733 -0.796043363319047 -0.704391937220152 -0.253809408566626 -0.907450703213477 -0.20219165852275 2.11315174046704 0.466474117277649 -0.597692834274761 1.91664023718494 -0.201949449138764 1.31507155763121 0.275080363820528 1.24076377158853 0.493311995055877 1.48568162310591 1.71866530045269 -0.494521043246765 -0.485711579202433 0.999075439589387 0.55075497401462 -0.655933963325965 0.84432467457092 4.87834024196111 1.26222842615816 0.193861294476776 
LMPf 1.09849972860568 1.37758176772576 -1.23912246329584 -0.0427334009279493 -0.373516932871356 -0.795525322714563 -0.973288253005546 -0.661338423698784 -0.875621592185576 -0.0571232249633942 0.36854986704001 2.00764050183232 -0.193699733998525 0.966812356556941 -0.0217089181400965 0.247098744199173 0.596825040993584 1.61821065482976 -0.578009125286062 -0.237511031727907 1.1842399308148 -0.486588046801669 0.436781653021017 0.248214367951283 0.0672505191396368 -0.257252403423898 3.72926724557542 -0.580739409042637 1.07770552979524 1.24166746529794 
RMPf 1.11014623831003 1.36580087558794 -1.28627745995143 -0.0808796114156325 -0.372921075345603 -0.831932135086503 -0.936699151527304 -0.634319455227906 -1.07983602159849 -0.0941766481822973 0.837648351690309 1.34837875883333 -0.496119990367975 1.67627070951068 -0.0750850967170895 0.203655377552494 0.633441028845374 2.11816749017499 -0.402134076168317 0.0515455530898931 1.19234106212189 -0.561281098425751 -0.573151585913713 0.724858236915138 0.159472944310497 -0.488753358935761 1.85789457925866 0.205677093875869 4.33606413812352 0.835518572434158 
LDFr 1.06846952145966 0.864635652118964 -1.0202083010872 0.0502578906090005 -0.311334376142355 -0.638818581932263 -0.884939162916487 -0.528469539767573 -0.542957311787199 0.0953997626788421 0.0112750590920714 1.94678556744561 0.531041571907481 0.543943705403308 0.0341217545751699 0.109759344316795 0.547282807477705 1.05063665943506 -0.675976324348506 -0.431731962749386 0.609493922538551 -0.416332270678202 2.37331804482519 0.0457278084337036 0.0512382250825402 -0.821972974025056 0.643111238976337 -0.545761139135356 0.52794467051876 0.706604009331659 
RDFr 1.15100075807255 0.813524600610652 -1.2975133017504 -0.00186628086597321 -0.341047357181271 -0.784584000976701 -0.774534678456739 -0.304450415351972 -1.23306173109968 -0.0547944124294121 1.02739259188867 0.809184334506394 -0.580286391566354 2.3612309516152 -0.0188504163956248 -0.15860987072665 0.949882279304396 2.02512870364974 0.0804554924676369 0.323589948090081 0.511442329840857 -0.433209658077944 -0.993618336257374 1.97685672286066 0.182734144274019 -0.391897068595865 -0.180282725800394 0.360872124528793 -0.321765070389094 0.531145535918874 
LMFr 1.29488492503542 0.696457991995118 -1.30037997631136 0.152915019784112 -0.348618937836977 -0.640091939467803 -1.00898653428894 -0.584755465180941 -1.11136198147955 0.246515928288927 0.419839119371594 2.70238915412911 0.459162932541522 0.661840792647939 0.375033273356795 -0.431240506745044 0.92777828535273 1.40280541801263 -0.993308530442166 -0.842337349975475 0.40712607608135 -0.300421796975924 -0.344262888874293 0.0488175825192819 -0.0290237034524637 -0.401392946289517 -0.130698054099975 -0.140701373751159 0.502985133353542 1.68144870639432 
RMFr 1.34447579647021 0.659683579195422 -1.40740985824521 0.120069461322114 -0.387648575448583 -0.736292393797626 -0.967080072398338 -0.467513257047657 -1.36513690112487 0.151367323902359 0.653146768696702 1.41855504210018 -0.350043827821719 1.02325374765208 0.384496952388964 -0.569890794736497 1.30385861936518 2.25006565471232 -0.845769599237836 -0.653208435269191 0.342635739171568 -0.264925038586298 -1.35526497999347 0.882288595458179 -0.0418957917512682 -0.349811883999853 -0.333415260161995 0.113542988237758 0.423078260067185 1.0850836951229 
LLFr 0.689532204317903 0.45099141139082 -0.468563467509291 0.0347280901132236 -0.154040543880403 -0.489708605050425 -0.564215658440812 -0.233898914209947 0.926949800606483 0.103917293081365 -0.393163464937786 0.610783047921552 0.473317142419171 0.219372633513037 0.0603951718208487 0.506992128924295 0.178900140424504 0.489994653535474 -0.187161270254248 0.106322278806559 0.387871294429804 -0.0353021964184497 1.36698342057278 0.0621441673347694 0.125076288009774 -0.011834101683189 0.389179409129647 -0.32856252567912 0.340405172205829 -0.359668477769113 
RLFr 0.788580202892276 0.46502320812611 -1.0660125673033 -0.0182856273705239 -0.214121732620984 -0.716575632030003 -0.28696521352434 0.469547002174637 -0.904107570004033 -0.161695330336752 1.49463380840532 0.218651001354452 -0.494352419793085 1.40671472177893 -0.114025099534618 0.497645176262726 0.0904146160358188 0.765794826942704 1.55495330966872 2.78323334703209 0.259612913372522 -0.402926683832628 -0.766853717157039 1.55716905118417 0.888843908163406 -0.349487758745476 -0.238523705249259 0.894248427693671 0.430233837016324 -0.19440317556471 
LMCe 1.26397919720215 0.372709688923612 -0.997738063855468 0.768546508421528 0.122672979958923 0.109163315228849 -0.547856843934278 0.0755104655776914 -1.11489406762891 1.22502271260749 0.360923111937371 1.30749661163604 2.2505046618825 0.512928576572748 1.62732515570731 -0.59782869005694 1.12126122907561 0.457438016280303 -1.0240495765009 -1.04571478581032 0.149145398408662 1.36428211504861 -0.33260881268308 -0.194571328811861 0.0152521383411022 -0.164068246334697 -0.327513669115798 -0.0500711239787573 0.349062023667899 3.94498662950513 
RMCe 1.31054569626239 0.376763637069537 -1.30695011369527 0.691074452120712 0.0400898524606949 -0.381518515303985 -0.409437188193945 0.897046604024457 -1.40613095576176 0.551444034646968 0.618199672096638 0.690885811542034 -0.129690281073777 1.03272601409228 1.45838614925229 -0.755951511216615 2.33888450387552 0.902891540745167 -0.5308804460291 -0.599481159650056 0.137493486998913 0.215170950872234 -1.42892980382294 1.53795550806747 0.0236856218088681 -0.150699016910997 -0.660000986531901 0.27717417742551 0.306025829082995 0.740358773623516 
LDCe 1.06028949996464 0.386405408059595 -0.456179687741725 0.463551629309132 0.0165310184204438 0.00298694935644456 -0.492851609483434 -0.0085766466953865 -0.434897398916416 0.873486013840653 0.149623466202255 1.1152831100446 2.87896667391992 0.396243346142016 0.769822721847371 -0.225211010351707 0.740630839718146 0.730009962341666 -0.545854804421771 -0.476674530199582 0.237027267630331 0.910187986843309 1.07235444098445 0.10201434503007 0.093661226481429 -0.194841087405382 0.275953072449201 -0.153576172735833 0.247565317656764 -1.12998898628713 
RDCe 1.14876327069933 0.391664953250852 -1.18447418312278 0.39282659411874 -0.0681757789175472 -0.57559520285589 -0.170076816707599 1.41517273793704 -1.29518430947553 0.152751311272869 0.828354063916443 0.44090591572648 -0.312528033412703 1.44996799590161 0.557673167911705 -0.486533793925106 1.41021859051482 1.11143969730572 0.58006309533837 0.288436482022053 0.177130798466705 -0.167239950088759 -1.13506610262678 3.61946227643009 0.269838131022756 -0.231433103484461 -0.465157092826127 0.4150173733183 0.430062116221512 0.0995064411447024 
MiCe 1.45341180200778 0.432371709289126 -1.42172762753565 0.458449792067024 -0.255912177669824 -0.43328650034448 -0.910663287810958 -0.200897202043316 -1.48074849639422 0.635294207268428 0.514083854156293 1.26783628248578 0.252642005260341 0.480068939954223 1.36831261420591 -0.825425759991691 1.52967843277781 0.503609527207748 -1.29717974916206 -1.36814671439352 0.12747153106392 0.329729109346407 -1.57166976370112 -0.174884875831695 -0.110407645757009 -0.190951702004326 -0.916871883864779 0.123870875620176 0.172166088178708 1.11576136343731 
MiPa 1.29816600852513 0.276035211026341 -1.17505829562955 1.39458451317701 0.499520935196672 0.231033171017228 -0.254643148043931 0.669753087157682 -1.34036996271618 1.58087616088685 0.477325285958051 0.705956482567842 0.652337480472264 0.721341531847826 3.11007853653672 -0.790586178537386 1.68913008072819 0.297522158669712 -0.934363900151461 -1.14134994813916 0.13404703801185 1.02087337830089 -1.14756474266194 -0.168605984659344 0.0126857666974944 -0.0240114630838409 -0.405581893636072 0.113912844929172 0.179603238280296 0.51204966619203 
LLTe 0.72218322818441 0.161493944069826 0.468521352728718 0.474391691378333 0.359539185632318 0.82072937527972 0.0647050207621854 0.217598033065508 -0.151589775368562 0.799679179612137 0.120867423875887 0.475242902853766 1.29637394148038 0.198210778636232 0.587881380556023 -0.174191060062135 0.378022973134926 0.403937550218604 -0.120078615211628 -0.250948473521353 0.115578236404333 1.49029198871625 0.575583474101287 -0.0326408235231387 0.128099914312832 -0.0816335910798049 0.425191681520869 -0.164415809243767 0.121448708345847 -0.782734717694382 
RLTe 0.838181137130186 0.165305942403964 -0.81746871101274 0.464364763175965 0.300298178282224 -0.356884369926884 1.27645447671572 2.05218325707365 -1.09403017957097 0.0779792124963229 0.735905025127336 0.0679991684011432 -0.208852595015064 0.972579266259822 0.269465816448382 -0.234523234405928 0.388144452716969 0.503067132205049 3.17142252310577 0.697560195644644 0.00876151387894663 -0.213680038800164 -0.892032092135014 1.40691876042258 1.09760658045185 -0.19269343769718 -0.354226558498773 0.449130987780284 0.638649910081987 -0.210739399104002 
LDPa 1.04763230162827 0.226702556627064 -0.27640176410909 1.10472615854788 0.652147954230317 1.08958961631725 0.0554766926931509 0.496406121552495 -0.764172611831885 1.95195842891563 0.29138904575214 0.910854937165216 2.64609927318817 0.546381766608591 1.50342625043094 -0.461174564140864 0.92506619599107 0.67331727340146 -0.555344716560352 -0.64577614109499 0.175739692593396 3.15877414631157 0.329495693780498 -0.0737089618178661 0.110531915171747 -0.0176463548975791 0.331599114880006 -0.114927986363385 0.254256002566267 -0.784804096858788 
RDPa 1.13586886244559 0.230981065063003 -1.07746894181253 1.29723876935866 0.664013154145568 -0.0404688166813307 0.936116285546019 2.58610052311592 -1.27755337097515 0.633425202797819 0.573127832783463 0.346782595463011 0.0153250697839624 1.34422372780278 1.23720104128921 -0.672235910565336 1.66722467615721 0.757853275721099 0.202788360918546 -0.252933254123429 0.0797913587028466 0.36120562574185 -1.11372872985263 1.55019582958248 0.245229550962743 -0.0431403299415872 -0.337159565191923 0.435752065273762 0.181880182903209 -0.00271184800410485 
LLOc 0.821184904608158 0.064088124695412 0.133240515950888 1.3307276220415 1.68463401334398 3.39709734323593 0.805045101866645 0.735825339138064 -0.857731201836745 1.85021840631436 0.260924433567061 0.491232819068162 1.34234198646356 0.317942626539472 0.714204813258831 -0.444658270216929 0.722120163767291 0.47981286028766 -0.346159313016451 -0.541287466214168 0.104939027887456 2.22795384937532 -0.124220329977959 -0.176662391178982 0.138578717990019 -0.0405774500059724 0.495188195750522 -0.290377578024763 0.0405371515756552 -0.927315830220897 
RLOc 0.952220320616655 0.0862672536302469 -0.834150093510788 1.93485211434513 1.97571665375535 0.58558432468217 3.72576181265039 2.35438439881507 -1.20939138428875 0.62858039259065 0.446527530435198 0.082436632200665 0.107432463148106 0.942723032915749 0.22641832045706 -0.572594225671198 0.942072202408193 0.245268819594207 0.402860330462994 -0.271153572647894 0.0427766006850773 0.273856974421969 -1.05139294434637 0.530935693332666 0.417543933920959 -0.0210043721070044 -0.0959646617628968 0.203647481760224 0.296284058551368 -0.207454092014411 
LMOc 1.07362494010584 0.162488102630484 -0.656988604853626 2.02811337761337 1.51119862734833 1.59536179327893 0.392550482825892 0.968376642507769 -1.0740467381438 2.93911678829795 0.369920310819738 0.648152444257256 1.43484313032346 0.670342371096609 2.03563450901282 -0.614663787265664 1.27883862091278 0.474065629534791 -0.682256385685657 -0.868125339736128 0.177972337067795 2.21358459544836 -0.415000055619262 -0.272419672731399 0.114808695657286 0.0924345722378932 0.253961987515166 -0.135956904669167 0.195061648163733 0.0182350541063258 
RMOc 1.11356150200236 0.167118616842577 -1.02855528611283 2.44516601523755 1.55463993288683 0.689131191059538 1.04085792621404 1.81547885130324 -1.25985885658075 1.65529311369578 0.451061753689845 0.385416636103799 0.366386911175916 1.02303603478474 1.81423619727884 -0.689494754779931 1.64008514951347 0.402767354788247 -0.480420373660332 -0.763634490256575 0.141095610585106 0.903402398120124 -0.992034955420389 0.128621379374525 0.160582437644283 0.072513616616385 -0.0784076370860999 0.196012281583088 0.195114473276941 0.100543422105494 
MiOc 0.931690914369069 0.0201378169785501 -0.804837242677467 2.70271343538147 3.97663697976534 2.24503148512603 1.23486890521313 1.37255572308526 -1.19324144482427 2.01357048240619 0.320902215920384 0.133635805218756 0.507686836424112 0.347123292506264 0.109012380912812 -0.584556513297666 1.05607974562742 0.0553080381293816 -0.705759666759203 -0.866642257976911 0.181009228557426 0.806874818095786 -0.931450063002898 -0.386018226357084 0.154625718627818 0.0622606530309127 0.242935225387351 -0.306347936822921 -0.111966960622091 -0.550268670501698 
A2 0.29769791593775 -0.0187349015090116 -0.697434267486331 -0.0106210455879471 0.04822471918329 -0.400509657382508 0.892050277850576 0.806906320254834 -0.79432246244303 -0.182443848056498 0.672527642202786 -0.0878966538266088 -0.368756210174213 0.362497721378082 -0.137303571290221 0.447131064500096 -0.0565883827155854 0.103290051314922 2.58167380775896 1.35224554645961 -0.0514949693741064 -0.512298747375925 -0.667428653296058 0.365121605694179 5.01243331105919 -0.260974544046514 -0.27059916986785 0.226781425713593 0.337312477326718 -0.250787288275768 
