 lhe rhe LE MiPf LLPf RLPf LMPf RMPf LDFr RDFr LMFr RMFr LLFr RLFr LMCe RMCe LDCe RDCe MiCe MiPa LLTe RLTe LDPa RDPa LLOc RLOc LMOc RMOc MiOc A2 
F00 0.0985671662685579 -0.0197968744227476 -0.190756044320986 0.271678257159842 0.043149743764697 0.0894720082270815 -0.0863940481290529 -0.275791195153679 0.0071992642694023 0.0124138171356451 0.0198644594201398 0.0810389756768247 -0.0221497968185165 -0.0166114815244623 0.00914144133234237 0.0293689272782843 -0.00799239619929562 -0.00509360144165892 -0.00654152977449908 -0.0199755789664547 0.00371361252931621 0.00290205030812814 -2.74617023941105e-05 -0.0142354202855375 0.0170520251849945 0.00215290501302868 0.00662933613433237 0.00981085670731646 -0.0117069712974569 -0.0228442123296973 
F01 0.0593375249848829 -0.0421380044392008 0.057330391021329 0.0866872735886642 0.00413713305052853 -0.00659585265821843 -0.299525105037343 -0.0438695320235595 -0.0229593159764863 0.00131233100618687 0.363375872813278 0.00894864888659699 0.0465580669415589 -0.0176517150086711 -0.14055895422351 -0.161204468539723 -0.00873344648326946 0.0367681073895532 0.204025773425726 -0.230489047272163 0.0670501992195823 -0.0371707823813298 0.0313020844532215 -0.0326665297937925 0.0783603208333887 -0.0640435965693404 0.00290920457531078 0.270199087172312 -0.0351547977802509 0.607823464658957 
F02 0.00265139137385708 0.00115592563484996 0.0131742353237623 -0.308846824264203 -0.0489829855288918 -0.018593496321437 0.809465310975254 0.44490623510519 -0.266829705497578 -0.0811300165634438 0.310879445240805 -0.567909394338371 -0.052103404431043 -0.0162648954907778 0.221530548650903 0.593692495794766 -0.0914823017724519 -0.0453953820035679 -0.562950187037165 0.160717603458145 0.00686934617353561 -0.00402809187764981 -0.0740952284494326 -0.101192888476744 0.0202593503041554 -0.00128720788599744 -0.00501053042554289 -0.231203613601606 0.031463291340519 -0.0124311788790603 
F03 0.00384096377372603 0.014862054805042 0.0256665447311588 0.000527688847510458 0.00205299219669547 -0.00920417914633622 -0.0404683997824474 0.0158329288860542 -0.00223851284711064 -0.00572708712087694 0.0200836665758081 0.0947456137158071 0.0250730835027981 0.00201121725735775 0.026023559133364 -0.0795464397466885 0.000966160375522274 0.00924449118991532 -0.067177607149578 0.152124108972287 -0.0164420707221091 -0.0397948531347236 -0.0158673449370876 -0.105909330671151 -0.106075910035092 0.513341634027286 -0.000330697890832594 -0.166213953013871 -0.00497095451341525 -0.18181675993183 
F04 0.00934374485079024 0.0192335974233133 0.0124075881612033 0.0500494310965773 0.0163928568046798 -0.00138265800352106 -0.370401974430014 0.0836496988588802 0.0861098306947419 -0.0535706165480324 -0.254639767056234 0.200181119781919 -0.00616883864194573 -0.00780958451998756 -0.0786202696563888 -0.165126077509987 0.0106956777284549 -0.0348343614569354 0.779349462577021 -0.119095487456468 -0.0201455387507212 0.0313945138099792 -0.0051817633364042 0.0893771087535759 -0.0631667917207384 -0.0446402195692279 -0.00197689171283192 -0.120952960743346 0.044843597050407 -0.149693481275493 
F05 0.0745572876984166 0.138525479745703 0.157440959324378 0.0528507163247475 0.00850984417902512 -0.00400273286123149 0.0506166440977001 -0.149548248171086 0.00564570114216253 0.0200180476210713 -0.0693551977244803 -0.0351767999806403 -0.0341177892318463 -0.00741008109088644 0.0537634367279963 0.0314250707897687 -0.0144084232680351 -0.000498418617283283 0.047606955424885 -0.0220712621171694 0.0025973400534511 0.00773206063292159 -0.0253747145145356 0.00205795612709524 0.0418390227955118 0.00807542972983872 -0.000110160591198631 0.00737611542886887 -0.023906489883612 -0.23368161090727 
F06 -0.015127594349227 0.0125686309542908 0.0192802005932105 -0.0123992900091588 0.000918493538006372 0.00212780383512059 -0.0711829673645083 0.0386312270341155 0.0240354263095027 -0.0170101415394511 0.0348504515882737 0.032390956654924 -0.00045565661503043 0.00229418287201751 -0.259509189307679 0.0168858018761169 0.0339181098245752 -0.00742543861218146 0.119408942355028 -0.134809787588827 0.0907106698649886 0.00518322977473109 0.0836790697809642 -0.0110425822093414 0.316706401652012 -0.00059450308930904 -0.00483976877063602 0.0792153506428886 -0.126104218163163 -0.132954093943216 
F07 0.000162994099340225 -0.00195170737908164 0.00622983533605471 0.0259256048460914 -0.000955746247060907 -0.00933059612550795 0.0404848922662298 -0.0589493237235933 -0.00608271354338856 -0.00474544395114062 0.0408617081262581 -0.24048968065044 -0.0056440401353978 0.00549583091066814 -0.0016819260664017 0.725154707561617 0.00321858061263804 -0.0658859424274438 -0.215124939378708 -0.0765294201423598 -0.00211401621202085 0.0343966128444019 0.00166782441089557 -0.0557097501110226 -0.00396784605600079 -0.0304571175926617 -0.000194761064248722 -0.0860821189493968 0.015965419689679 -0.0200966045378639 
F08 0.193908924608311 -0.167568324446304 0.00191794659392361 -0.076188504769957 -0.0107642688975471 0.00675352350582722 -0.0433599902398666 0.114977684811866 0.0241140313948256 -0.0124641451169356 -0.0278090251229347 -0.0238330505274817 -0.0230071240815556 0.0117104636792769 0.0120703698267583 -0.00431458190816396 0.00076029073523402 0.00240661570988654 0.00583485655835246 0.00902422299701549 -0.0119332152936203 0.01062133465168 -0.0141350216241884 0.0171415507534903 0.00238858558332431 0.000453230131310065 -0.0001445284512574 -0.0213399729940345 0.0029735258083267 0.0702631350137257 
F09 0.000389979681320965 0.00917743664204279 0.00282425628245241 -0.0219822655429776 -0.00331313352752812 -0.00438301973233655 0.0208830257657183 0.0939701609371965 -0.000874133888257977 -0.0062780243128977 0.00609191362606092 -0.0449436271812151 0.00614327924995081 0.00463313830710399 -0.0327962941667645 -0.104609479984109 0.00930161702329815 0.0194203846767263 -0.0347794445357573 -0.0561598019832661 -0.0158526168442304 -0.0149900618466704 -0.00218786258273099 -0.10211317597899 -0.0811396188681238 -0.155469098740501 -0.00486105725307981 0.552716026099226 -0.020833554826252 -0.0724243806369521 
F10 0.000198499931511531 -0.000675564022663097 0.00326117124384389 0.0188135578785509 0.00267296262283122 -0.00141242495947525 -0.0846119010523123 0.0597003049173272 -0.0211166214298743 0.00472806226998096 -0.0910438452454768 -0.0548524334109939 0.00180823631342603 0.000521859011188024 0.692407581112385 0.00194106161659185 -0.0906906843401416 0.00821732141603371 -0.234679206866153 -0.0809917886368024 0.00584166101661361 0.00267853146521584 -0.107884960907661 0.0225005049861199 -0.00482660004543406 0.00330707004855624 -0.000696065876889881 -0.0432469533381026 0.00351179474067888 -0.00332304595619022 
F11 0.00416695623003387 0.000986357510416407 0.00425952297791327 0.00441544425785645 -0.000642569458798932 0.00275766141474771 -0.024182769215721 0.00989496244415747 0.00379620908475828 0.00307050431479944 0.0218867058875382 -0.0500491498696876 0.00133470261936019 -0.0029124262279429 -0.0376941089055843 0.0471495904529681 0.0048451495496324 -0.0111232079920353 0.0517922629455595 -0.0597786151036969 0.0101791592900189 0.0173877570664929 0.0113999189349758 0.0593720467760959 0.00214074370306251 -0.176995253237714 0.000448945562235996 -0.0850999689791872 0.231547743644777 0.0182969621564491 
F12 -0.00347787201733412 -0.00135832150518904 -0.000901310746069223 0.00243148181889792 0.000210929511500047 0.00418116149819047 0.000781244197354468 -0.0149358671416552 -0.0120124209753292 0.00671355109603609 0.00900901553929768 0.0108580038452834 -0.0306834117236883 -0.00288390611759211 0.0474049514061508 0.000331083870588074 0.0282979350279097 -0.00938318381730642 -0.0290499075877853 0.0254111308878288 0.164930390236261 -0.00526490369378819 -0.154199632706511 0.00348384477609003 -0.0524576642480976 -0.000957011003965958 0.0139711719502592 0.0130206912279606 0.00899572880095046 0.000953668641809981 
F13 -0.0719225070132556 0.00185696467971687 -0.00490099858375106 -0.00615879517165115 0.00393316574136303 -0.00823179463096209 -0.149266707628501 0.0537658417539582 0.112600353272163 -0.0128911702878483 -0.0364860605320183 -0.00533868520307377 0.223691245805865 -0.0045269040143366 -0.149551901549493 0.0423273928857425 0.109268229152272 -0.00557010263057111 0.0318636929874936 -0.0358283334625931 -0.0210020501377085 0.003984530195994 0.0627227105184784 -0.00564777672786174 -0.0966168757902938 -0.00153231039543989 -0.00215123724074557 0.0100610191308024 0.0182357119615877 -0.00691570110601519 
F14 -0.000234995292699782 -0.0148471487345019 0.000877908438131805 -0.00915506904316799 -0.00289756694745387 -0.000133201517604171 0.0731507825969534 -0.0699383864925946 -0.0190391151778951 0.0202411493250226 -0.00391351739468548 0.0789668120987396 -0.00422426098578931 -0.0154859842970114 0.0593462094642464 -0.424032884275139 -0.0122920839874958 -0.041532512116504 0.0426662301866469 -0.0321125841310501 -0.00597688905054361 0.175611725252095 -0.00792302984608098 0.501135936687829 -0.0299879903134608 -0.18586753601668 0.000386178878095763 -0.0461319118350465 0.0484695310211655 -0.0807100926963255 
F15 -0.00371256842100456 -0.0731878627235699 0.00844912228109162 -0.014501640552252 -0.000877706920495325 0.00205832258787764 0.0711814742784372 -0.199771537773512 -0.0199978675256425 0.207604104210084 0.0352022269593264 -0.0644054297067185 -0.0159291650603083 0.207910889675717 0.00728640392524094 -0.0955542096875347 -0.0103244517215873 0.162049934615727 0.0327736436749763 0.00382571403267414 0.00363489947286345 -0.105110719440094 -0.00533160003827789 -0.207801337113541 0.0113410893970527 0.0381434530997091 0.00173205281392564 0.0783997691556065 -0.0134610893359501 -0.041910579415156 
F16 0.00674555646000283 0.00135336413644135 0.000706624683864537 -0.00415657386553262 0.00163185401442928 0.003838156596239 0.037653244397162 -0.0130370809078505 -0.0746447596452188 0.00202605853431976 0.00217964460258411 0.0071323901274886 -0.078256785644327 -0.00161961633232612 -0.0992139806360662 -0.00226529755456921 0.24708188553068 -0.0101610935232082 0.0186808307781028 0.0133494585463018 -0.0210218908935236 -0.000603454528907019 -0.0569145046346846 0.00805830791351615 0.00370886385293858 0.000192512678025841 0.000541009846275938 0.00320052760886468 0.00106379325556007 1.58854781721412e-05 
F17 -0.001060484391271 0.00315948097730597 0.000977916570095773 0.0236442410766664 -0.00646719641658542 -0.00586064844696985 -0.213691024240117 0.0445251638739781 0.29780474039376 -0.0171846412534522 -0.0449389076168669 0.031573995611743 -0.0535142685202265 -0.00344459200173926 0.00388418088216129 0.00190478511200811 -0.0590426702489794 -0.00482881167011958 -0.0110843460600931 -0.013782044592251 0.00503520068885957 0.00446057424615203 0.00370663632624696 0.00454098117291218 0.00272071696632698 -0.00590754362312874 -0.000854477024689869 0.0131092733985325 -0.000742166495250241 0.00463653764542316 
F18 0.0126934396862427 -0.000496418285507686 -0.00220283059425664 -0.00424369142673466 0.0164527911081773 -0.0221746355459939 -0.465664060488805 0.549158926153551 0.0746058957158249 -0.0662805498479016 0.0121421793828536 -0.158868384922405 0.00774355200407531 -0.0118376293123759 0.0156081638225839 0.0757524306597684 0.00810199424809764 -0.0136203999984317 0.00300292179533346 -0.0442578820054589 -0.00026987487461925 0.00535556585381209 0.00636192572322484 -0.000608911852432959 -0.000947452301691102 -0.00202636538520356 0.001723171877024 0.00755251908044819 -0.00119056433948543 -0.00448573796159929 
F19 -0.0575712565144333 -0.000907869785420891 0.0139197052095171 -0.117343872389373 0.173935540419071 -0.00509809051447033 -0.0714312473028454 0.107424062455017 -0.0122327375388502 -0.0146850733121687 0.0137239479602155 0.00494277279464561 -0.0422898591640723 0.000828880767844481 0.0350857238918326 -0.00169901593815463 -0.0223316193357478 -0.000173550224367106 -0.0204898860449008 -0.00752754761133025 0.00388811885139426 0.0018958323172032 -0.00929873246717703 0.00209966863547431 0.00717801184288294 -0.00478075678719529 -0.00146530780273046 0.00549109226501244 0.00122052526733608 0.0105961653103362 
F20 0.000884347603772419 -0.0113888678278465 0.00116978072480434 -0.00879841623879425 0.00142586201786203 0.00630189548907889 -0.00932589354010097 0.0727812537527657 -0.000451021015773454 -0.183758697903801 -0.00212500885917685 0.0352006424911952 -0.00482549188047833 0.129546801461592 0.00813593360595367 0.0247601715077352 -0.00378990901182297 -0.00415920463252005 -0.0168058829792043 -0.0106486989242944 0.00109029068295041 -0.0181796895212501 0.00172111986576297 -0.00934890049092525 -0.000788655340442323 0.00265029353399017 0.00335977132916098 0.0087096492406613 -0.00224958708491808 -0.00968956321874236 
F21 0.104959172527865 0.102821930632069 -0.076133065834347 -0.149896244193767 -0.00286950788340474 -0.017181196488543 0.0396384547482664 0.0840717935990725 -0.00282557871370848 -0.00657146481067242 -0.000678869058720308 -0.0108769547114929 -0.0104511384965433 -0.00313473993835306 0.0014037450725371 -0.00457181622160729 -0.00127677250547813 -0.000168925300862688 -0.0106961322893969 0.00258327874772956 -0.00218441396063138 -0.00208939207458998 -0.00385735559544652 -0.0032410774156625 0.00598989256998976 -7.88681645596482e-05 -0.00256037306254502 0.0122333449509284 -0.00204908927659622 -0.0262318891401596 
F22 0.00103500190568692 -0.00304979340076841 0.000975888455992873 0.00236755318843398 0.000157277079638931 -0.00153380058410941 -0.00378003186132593 0.00491118617101305 0.000102860204670019 -0.00681372162057881 0.00517270144607087 -0.0148827274514757 -0.00148194114949128 -0.0141062285501976 -0.0102716063381302 0.0949823485394983 -0.000242493225530934 0.0587972374197397 -0.0156804508946322 0.0212500180408504 -0.000818683385572599 0.107073921420134 -0.00205615505067456 -0.280773184456824 0.00275134925236205 0.019345499564251 -0.000295226122185619 0.068387453449544 -0.0105159712971182 -0.016572131201191 
F23 0.000769117127959579 0.000632927579461716 0.00299405059281687 0.00862003485086477 0.00415792552819447 -0.00200847120273926 -0.0715905060415366 0.0348256792158938 0.00909578070417119 0.00451599634190866 0.0974130533786061 -0.0214346852529786 0.00179859633157448 0.000653595320386601 -0.198114369018448 -0.0769867148352915 0.0169864364342814 0.00716873673196287 -0.130228152263636 0.499914473256254 0.00238010338708789 -0.0013149642306453 0.000782276403430614 0.0174015263328088 -0.021409589384767 0.0200461470796648 0.00162965389643763 -0.207996344048561 0.00707870015199509 0.00746380447866485 
F24 0.00285475820464665 0.00220735324568161 -0.00268392626246991 0.0329603481128598 0.00678611215053162 0.00063458490393769 -0.209015385036954 0.00169851750308141 -0.0613329189483966 0.0155497619620787 0.5346495976381 -0.162041850535262 -0.00172648414219711 0.00100265698638942 -0.112074278329606 0.0536118019748465 -0.0199175615434773 0.00181703126998728 -0.0862418614980956 -0.020073880327133 -0.00377598242144536 0.0031315131032349 0.00744631344797039 0.00468696150656233 -0.00180226678065784 0.000156953109393939 0.00130590162651405 -0.00272486530966494 0.00292974250344877 -0.0251571651268245 
F25 -8.41340788421651e-05 0.00053557417850163 -0.00066653223335544 0.000436814661284067 -0.00013337509389963 -0.000166835309190846 0.000608737639805744 -0.000656462910737333 0.00245301555306754 -0.00300236673607628 0.00108058663435096 -0.0057331814976483 0.00168834049850306 -4.7526611857185e-05 -0.0323877378976428 0.0199586501091503 0.00762278358624192 -0.000287267682504594 0.0340899217248192 -0.07994714770889 -0.00158620577538965 0.00293947319310779 -0.0303146843736737 0.0149326763562583 -0.0532085580125289 0.012905225902779 0.190911862524576 -0.07385222504954 -0.0123437412457575 -0.00190276695929019 
F26 -9.37713022103754e-05 -0.0360003355238306 0.0103447655047651 -0.12147668482818 -0.00199615091865362 0.175499795115481 0.0561340856148841 -0.0162821000550007 -0.00713060374520274 -0.0457540747442391 0.00593688438009314 0.0112292953325497 0.00473082851903519 -0.0510539310394979 -0.00585263110495136 0.0240225862575586 0.00163192239880129 -0.0278538539275997 -0.00645669817215679 -0.00393630374795 0.000250270956418934 0.0167546093292257 0.00184318768430838 0.0249066540584172 -0.00158577345208768 -0.00519418613711963 -0.00120064066795233 -0.00858804509236589 0.00214680009002638 0.00537525417954361 
F27 0.00271845063862387 0.000641226376024374 0.00102882681880479 0.0183715862255723 0.00209733742788924 0.00315069921808031 -0.0590943023896756 -0.0991658703240341 0.00976572245011818 -0.0302165552551528 -0.0102455536771967 0.383350650756347 0.0011130839321072 0.00240812073942786 0.0575445686810012 -0.0391164180793008 -0.00352480461785854 -0.0136511814047524 -0.268501408544698 0.0693105450557852 -0.000674972750312466 0.00204838786821772 -0.00725804216008044 0.0095339944632066 -0.00504659708751356 -0.00864556289229555 -0.00254357374524461 -0.0199382260438047 0.00855806501086358 -0.00730044699097943 
F28 0.00243608263579082 -0.00147030061065887 0.00022500334212942 0.00101931708552327 0.000697467328629541 -0.000623310912963402 0.0230501330862864 0.000102437696084351 -0.00850197055594985 -0.00279886734660795 0.00508718491896694 -0.00960295414799285 -0.0436543227908804 -0.00127895597084418 -0.0817703175366238 0.0096195086432778 -0.0322215129904885 -0.000776724121008037 0.0315500513898425 -0.0444225036427993 0.0613268100231934 -0.000616997610765558 0.18485023516134 0.000777550972858746 -0.104554713390649 0.0049586862877217 -0.00272202922088259 -0.00424388187783739 0.0129055240990412 0.00292132244372593 
F29 0.00110400008859076 0.00445874064368793 0.000500061651903349 -0.00638179567492338 -4.5227421421059e-05 0.0112785381586275 -0.0141663592777682 0.0468891986323541 0.0006663726093377 -0.0934288128246834 0.00678586192613666 0.00796561847959888 -0.000686214392665426 -0.0379371743398365 -0.00904558224638984 -0.0843785480152882 -0.000655211326839392 0.204140476626618 0.0172213084186218 0.0111946129736689 0.000937855858513864 -0.0167187322621797 0.00268334545283972 -0.086212061714082 0.00031287318956556 0.0110996900790008 0.00103623469972616 0.0226311945687342 -0.00277289651007925 0.00231963663054188 
