 F00 F01 F02 F03 F04 F05 F06 F07 F08 F09 F10 F11 F12 F13 F14 F15 F16 F17 F18 F19 F20 F21 F22 F23 F24 F25 F26 F27 F28 F29 
lhe 1.38412277444181 0.699417286195112 0.534347411474775 0.0730220073793391 0.0959721812051783 2.25367603775807 -0.244080081970479 -0.322337805019702 2.6177054611011 -0.0391418816158813 -0.240186015257256 0.082263773262621 -0.0440107822732565 0.757334295754268 0.0716904854812571 0.117674707794845 -0.0354968393249499 -0.228759596593737 0.272645487959739 -0.189184477658415 -0.067162768361223 1.70362889820005 -0.0547181446983978 0.102145355944717 -0.344540974637553 -0.0060900358388861 -0.459655177996339 0.66330087243652 0.350211574144715 -0.131027839353194 
rhe 0.639539102611186 1.18421018314184 0.438104842425826 0.101946154434242 -0.0125969871349981 1.90175286163535 -0.745807897861933 0.0650794551926891 -3.35127092789246 -0.502577481170245 -0.483969718462002 -0.0932706417481748 -0.310717977340597 0.0277983555832872 0.547080703801418 0.559841665186497 0.258932601661582 0.264401537255505 1.41385925856958 -0.39195081354857 0.240603908467635 3.09885750448524 0.211130078570878 0.231812631618453 -1.10688648440138 -0.00810297520406384 0.418585718518606 0.561671080715831 -0.0524576177213576 -0.197095209954712 
LE -1.32001043846252 0.893543234400888 0.377050741777187 0.0556512940282991 0.00108156473954682 3.12712176082018 -0.407123135934099 -0.161743089401479 0.671485321623363 -0.131613525223727 -0.338995729815865 0.0254070338498362 -0.208325189802811 0.291983138509974 0.060685447535465 0.239320389197241 0.1542903655222 0.0334871561654625 0.511501396289667 0.215303827284531 -0.058731111483187 -2.56947869590975 0.0434099153176665 0.114542645300821 -0.376318374129147 0.0324548970110678 0.615366320538754 1.01808875321296 0.249994639967673 -0.152017865738057 
MiPf 2.56425163729286 0.970128124095988 1.53612018454417 0.352644630956135 0.546604370379349 1.4280006008329 -0.204299960775277 -0.582745062795717 -0.879471677086868 0.177611210517906 -0.643148244704739 -0.0818534628529374 -0.302256270780628 0.481656591259396 0.647043989710632 0.503073225913848 0.350059433925484 0.482786291778619 1.46278002595778 -0.532363100316334 -0.233120686519244 -2.60789081526528 -0.060997267476847 -0.0552789212444209 -1.24451982106675 -0.0699881878320498 -1.10080935623644 0.9674090341853 0.0393670672384888 -0.073223108518086 
LLPf 2.45318223864019 0.782250995208166 1.15018820415675 0.260629906479496 0.325871724726614 1.73074219099594 -0.0111822547642119 -0.50296172370304 0.561255898959555 0.115307904139829 -0.324616531472708 0.0118759869939027 -0.24439995012878 1.79966880678313 0.353610481176649 0.271423799345507 0.25555852483969 0.314310730993456 -0.326461139074933 5.37933213342621 -0.183710892619622 -0.848118164631521 -0.122916045392567 0.196798849204267 -0.925292847851795 0.0136534909550885 -0.951314625352728 0.189994877193631 0.0645504398488543 -0.129739121177813 
RLPf 2.07155411258753 1.08777256928734 1.12074509696731 0.333517957323755 0.434309593405617 1.31423415824889 -0.382390979115502 -0.170226845426099 -1.82172248204385 -0.0735701663504489 -0.609015379508778 -0.138382090289559 -0.335877414446541 0.188288183804016 0.908179282834165 1.98420717905464 0.309179443969139 0.380399353571515 2.33685325023044 -0.537359040331437 -0.101489399275414 -0.638167362380875 0.00319810733620482 0.172517889440142 -1.43636571164775 -0.0371040535605372 5.14205405359792 1.05092316636142 -0.0606073984096532 -0.302162651802212 
LMPf 1.26557780789243 0.884140396806708 1.97177273586969 0.513829348774163 0.985501244391987 0.489847123378253 0.333601557836934 -0.490659928166738 -0.334031912358402 0.523941907493117 -0.28824955275331 -0.12804919471299 -0.371540223288791 0.929928526421529 0.685843145966746 0.585260887832762 0.582245047190737 1.23234398214955 -0.599040708004063 0.200700600691197 -0.414691873625802 -0.706955731914586 -0.13617183279473 -0.103436413137897 -1.14972200351777 0.0846265490254813 -0.424881793444662 0.83828172238481 0.144793280396084 0.0137732164796379 
RMPf 1.16604566029255 0.994937270922175 1.90571923756401 0.572521734816232 1.18678224895643 0.344734574931715 0.26520158418384 -0.350755531167077 -0.703152454711674 0.511796600079007 -0.489987455795792 -0.19575376769024 -0.37266428418669 0.494156117785983 0.847832195781478 1.06971126862635 0.424866104935868 0.637316707609152 1.84213482276858 -0.0611081204077028 -0.859599395624523 -0.644290568113695 -0.133860277716061 -0.0145956270785496 -1.32619818821239 0.0704904454079303 -0.0828729599891817 1.72869317364983 0.0548207630377184 -0.0676010746278595 
LDFr 0.987504817777281 0.817160049467919 1.56245847408866 0.494266346062218 0.938146402314116 0.380370030740132 0.595996751640742 -0.319913301291669 -0.0057569577923012 0.515414896409264 0.445540944390107 -0.00284193107502592 -0.380641491832521 1.76268137677967 0.493159788025033 0.568725519871295 1.02414468044837 4.29808003687915 -1.13687856894138 0.295791622611243 -0.399979371554489 -0.206571007804005 -0.152837554401531 0.359709728311146 -0.556494332867712 0.114550916343408 -0.208584585192833 0.382773321561948 0.0675673474135454 -0.00299747554412904 
RDFr 0.854097297423019 1.09508680026465 1.31093309970389 0.625521437627633 1.0572251831796 0.240977442763471 0.198888670102882 0.605638227138214 -0.966954878018765 0.354045853093748 -0.33788241248292 -0.238127506316729 -0.39343440940313 0.295644662307715 1.24332983110221 2.63992998017338 0.343259263079629 0.474600775736793 1.54741595451614 -0.0795906013287496 -3.66512888894748 0.146052946983267 -0.108713621917165 0.206443053332493 -1.32387862738768 0.11341719961588 0.254426890158912 1.92360339149694 0.0452995426291232 -1.14691356992978 
LMFr 0.758604133907929 1.06279411303144 1.60243010434164 0.655642035522891 1.59995068003712 -0.0541950202383967 0.733623179355878 -0.0431793832627021 -0.291918671020472 0.841459933674127 0.754496616277722 -0.0760943817346 -0.516848312649213 0.877894702950557 0.519094956254931 0.557472522262476 0.931200158411384 1.43865490216989 -1.01636318408755 0.125070094618008 -0.45096734600312 -0.154656901029945 -0.153892971021012 0.543152345367935 1.0761878531675 0.128468281912712 -0.176795437394177 1.2598372534753 0.290406197657499 0.0723762573636069 
RMFr 0.700187814658848 1.12643406604233 1.46492734360855 0.747029761853638 1.90186281546618 -0.181119015241629 0.624812936806494 0.51985621366768 -0.541488613883682 0.796794608589056 -0.0060723867814048 -0.215103301345536 -0.450239958192171 0.362299009833684 0.680464247143556 0.924840297462955 0.468458278800547 0.641204743925988 -0.0691479571241476 0.0403998828723884 -0.926598223477355 -0.0894063324483703 -0.253248602514732 0.211580721036381 -0.848354241802784 0.147278857961974 -0.0721814627184884 3.38342417049757 0.0639386818527107 0.23857480599909 
LLFr 0.75482231438404 0.693043588734723 0.722998857782573 0.308672652265371 0.42016249774508 0.622694929867031 0.71496723366929 -0.197033896873526 0.4626533085435 0.264525052381687 0.577018401247192 0.161280354000325 0.0988446191292631 3.5714863505573 0.260660860044319 0.211251720812865 -1.66626702875009 -1.30086545164497 -0.448294324238901 -0.109444759761314 -0.110121543323171 0.206662779083608 -0.10836070991675 0.503853927369387 -0.496860563017351 0.03864377115642 -0.154879578574855 0.425818455582134 -1.20124559108082 -0.106311460808496 
RLFr 0.646894047802382 1.1292064890898 0.720742839092744 0.533612399774873 0.524351063196945 0.364058995796915 -0.0849477848212954 0.877808491735683 -1.28062482850838 -0.142379415735813 -0.325940182124124 -0.215987131156141 -0.336879897973123 0.264408913393152 1.76292603569006 3.03097342672064 0.281311156361649 0.320419427278616 1.28099844025667 -0.186249696788107 3.29976178768008 0.779852443234566 0.605293081338815 0.462103277954445 -1.30787752128824 -0.0593717508428545 0.133972904334454 0.821571107416706 -0.1307776392608 -1.63770934443889 
LMCe 0.524529559521796 1.01018660416626 1.08066775593358 0.759923880656816 1.60594516895023 -0.315787919146024 1.0965962217245 0.489184801043486 -0.228551922190553 1.19111296843407 2.70912635288469 0.152682333304205 -0.921375826069298 0.734109002419127 0.365343944928149 0.394388994905853 1.24539380699001 0.977005072897576 -1.30289663105222 0.0904796485322027 -0.354778758363805 0.123191498311385 -0.175265262727604 1.26201062090211 -0.400405186237401 0.183171110462907 -0.0740803259423013 0.497184962345939 0.883294066307311 0.0632688752971087 
RMCe 0.47120152772105 1.13124958597586 0.989950065317779 0.983208671776156 1.685431688236 -0.435273367378857 0.800979558779415 2.46949911358247 -0.513818543060181 1.24118165600357 0.538395644278875 -0.0988052194170793 -0.511168492154048 0.128340297985669 0.71277595107249 0.784503227727584 0.395709609094702 0.500341093766081 -0.328379645348978 0.0487640293172431 -0.752358390747575 0.212964016673019 -0.729044876040498 0.969054746085797 -0.978809898390271 0.129873958785135 0.102677044773664 1.32338425703957 -0.00302020774586702 0.741366332009002 
LDCe 0.613756651680658 0.811945900116717 0.920952983803302 0.508761249948539 0.864936138022589 0.0503138338827182 1.19171535692513 0.0947495150617226 0.0468597594107234 0.655448270324592 1.83643738236386 0.248394272433821 -0.540879969725305 2.06941506165265 0.318091371711934 0.377993844338645 4.40324290385331 1.12657732521906 -0.925091685811827 0.0168303995174177 -0.248702968384502 0.11361136729739 -0.0587448003425001 0.960462057828204 -0.451528729446887 0.133411478777908 -0.181499937018899 0.380082378328158 1.12613956283037 0.116912946896608 
RDCe 0.508248069497958 1.12670790256778 0.826774011736946 0.899802797014461 1.05050798983791 -0.180255829804001 0.436973650268661 2.19076984860482 -0.772667636996952 0.541474929131719 0.0784027598961333 -0.264441201843415 -0.41748499461984 0.138335414375156 1.86220285509329 1.95677575820202 0.323968438768912 0.405654475871883 0.506580549825776 -0.0105285259971475 -1.27254945806957 0.399454288173113 -0.708408638644216 0.598784725194431 -1.25893614331252 0.0520967860445615 -0.0952700375472977 1.26544113027637 -0.12090684026931 4.80275149180425 
MiCe 0.525324315932708 1.15385423358928 1.15038108573249 0.817711202413639 2.35621160004442 -0.411532394439155 0.892311400974276 0.738384244504116 -0.374242318027396 1.14106982623898 0.944898694519444 -0.0248221685877825 -0.573037675239051 0.337799438155978 0.444589771406238 0.537804116596731 0.591032104155844 0.689782251990604 -1.1448339934392 0.0675673959957264 -0.46589461971201 0.0740277765419226 -0.254915900861267 1.09673820505374 -0.54071825035955 0.132921039212101 -0.0572145201779549 0.0744050901587787 0.168347209973186 0.196473701806996 
MiPa 0.388936842332398 1.07847140261974 0.780197633835065 1.06870301765877 1.55870700166275 -0.573381948779331 1.15694346413158 1.29722031671567 -0.36002471693603 1.93543462428699 1.56905191939051 0.250104654841889 -0.769910892664467 0.0601728943745825 0.52463873060647 0.361443788408815 0.543348632219954 0.532122279603484 -1.16452794842237 0.060472977332831 -0.362778507861 0.216275789842739 -0.349275995495319 3.23301450662193 -1.0532746644527 0.151558602115065 0.038405879692297 0.296458783278034 0.18311286944032 0.199744388482911 
LLTe 0.351435496953715 0.619690544782922 0.403051281307222 0.389036343769715 0.282360526251803 -0.0541933970754868 1.90215679202521 0.135879214482187 0.0384374373722954 0.19239038669047 1.12232992709463 0.597950687524143 3.82660064793206 0.93646926229169 0.247896769986775 0.175323688204979 -0.285714866781151 0.0176382375267165 -0.480075688956357 -0.00951725073151615 -0.0244504539260017 0.281098969098874 0.0852771182172939 0.952514098882061 -0.719473457862314 -0.180771996911151 -0.161677737937541 -0.0344954803103482 2.67051430130083 0.099430383124098 
RLTe 0.285216338627431 1.1250227419446 0.351936190699932 1.12169648156117 0.356358190245012 -0.256846257527571 0.308848128557961 1.52598078815808 -0.778572367700875 -0.0779454841031205 -0.0419263207092221 -0.282456897789391 -0.349125735474174 -0.107077882187164 3.27735587309098 0.514122524534367 0.268790607106052 0.309220739690619 0.605639078317528 -0.0250650857604506 0.313859571592532 0.514609264405095 4.70687788195639 0.450752701257655 -1.17511139949106 0.0208391802162815 0.305483683146051 0.117042108264894 -0.125252846340824 -0.605639618296485 
LDPa 0.41045992747008 0.880061993021458 0.627161130442611 0.738803085356571 0.833486981719929 -0.346814840651154 1.84767192823619 0.505049708365345 -0.155659418255407 1.10781154672873 2.21832261154838 0.630866433835531 -2.54269351833887 0.847490549362615 0.279744611076805 0.269033894346698 1.15611637827334 0.486266000547536 -1.02861074365451 0.0217570402323991 -0.294511396317257 0.246498972253759 -0.183760300865661 1.75106832889545 -0.687283252279413 0.342645493278604 -0.000730269391846287 0.378186850982103 4.05905091609761 -0.0462326682860601 
RDPa 0.35586929077329 1.14805929808445 0.566862532650149 1.39260442779445 0.94551698132132 -0.480844272755218 0.797888836708711 2.26718340125109 -0.574574057075762 1.23039650276574 0.387715410689068 -0.158161030832513 -0.489172530791734 -0.148588934958524 1.98175619303939 0.669849896772011 0.311615564115662 0.397905878395387 -0.00206820351553282 0.0332409463881417 -0.517561420149145 0.324702795746924 -2.34241143838463 0.973744441163233 -1.14566923394459 0.0854523313600295 0.123157169213731 0.534032162196105 -0.182045845370291 1.213575240385 
LLOc 0.247782472370584 0.727180964348673 0.241872734686494 0.888788503334368 0.122532064661501 -0.557617174285023 2.73636736594296 0.437302939293521 -0.225947711634981 0.553621458294645 1.27429602988799 1.64799124940008 -1.36117296306859 -0.560769174635792 0.174447316562912 0.0511666326006955 0.275561198256941 0.269528808735843 -0.662511230052351 0.0744252492256804 -0.120443970745404 0.180708096334781 -0.113934892528588 1.14911591135858 -0.953091604243131 0.150782962699835 -0.0778636436549951 -0.211438949051937 -1.41015024898811 -0.000852490376731601 
RLOc 0.17535266812156 1.02079681568593 0.0889823352090688 2.83979248316899 0.0803866791270366 -0.702137607776265 0.728776305747862 1.2972914914223 -0.509526340094103 0.704974102231991 0.222140188980167 0.41756009771872 -0.447555828092985 -0.556139329788823 0.924356481168622 0.20757784248026 0.232635783265053 0.315258072778405 -0.0973557702273811 0.0382159571797207 -0.0649010064487813 0.354114647280026 -0.226536661911547 0.193532778210474 -1.1276204054648 0.0483545898534035 0.200198292253459 -0.544337452225548 -0.292276398572315 0.179106083738423 
LMOc 0.292372407176193 0.985006806818959 0.445887767292479 1.16908632798484 0.749591072379532 -0.630834179320906 1.82025577213319 0.883627604697189 -0.296932836949689 2.05383799138632 1.8511109118529 1.20394756604054 -1.26726102530641 -0.188934603438675 0.334552053366655 0.19336655665938 0.488691276999379 0.40868325722843 -1.03055605142621 0.0820118883857219 -0.2730324886095 0.231594707705713 -0.207027289396058 2.2370558487859 -1.03253467897144 5.43948298000116 0.0299709815977243 0.210679940880891 0.368743034491803 -0.0183438650792053 
RMOc 0.266381096800369 1.17592152477636 0.337858217851267 1.63914649441897 0.811232620145398 -0.703142754354368 1.12460335850222 1.66983404628026 -0.45605864756904 2.84231440579008 0.879251409634742 0.548696766683602 -0.605056384261872 -0.352402586577685 0.868223708276616 0.294013627125733 0.32850335472649 0.394425909392515 -0.6747694672173 0.080769493554018 -0.284946749296808 0.298401688224459 -0.539360212246386 1.15645273633955 -1.0903484133196 0.144393161077348 0.131880475887696 0.147003013976217 -0.195684904250946 0.274507021023073 
MiOc 0.135908857635795 0.750925179186641 0.0956758755150958 2.41988350179601 0.152878429806164 -0.780855307850275 0.796201418613066 0.804810906200407 -0.378682596825624 1.55418911215447 0.668864135729655 4.89489404478137 -0.593421867292894 -0.569479057436959 0.360081906903915 0.102017006451454 0.224063561222829 0.281735357654399 -0.578699045262557 0.0998439651025437 -0.0486906828049457 0.252123258880526 -0.116760495423134 0.704370721756022 -1.05382155312086 0.0830298441158902 0.0432163766413547 -0.0519218007381757 -0.415809077291372 0.136326965044295 
A2 -0.0390623875967576 1.35202361672392 0.0713023694298135 0.0199484202017358 -0.279545716819524 -0.31174958442848 -0.649686364632966 0.349642543738448 -0.622631077153872 -0.536129111259605 -0.208233371431171 -0.181006696452359 -0.282257178301046 -0.303207637604014 0.254872052999755 0.125695522283053 0.189293211007483 0.195981288338694 0.313558314416655 0.0369920848298373 0.129824556037221 0.378911978703175 0.212837721611526 0.268928300083957 -1.23701014800481 -0.0295040821513954 0.198907635517455 -0.11023303845939 -0.145704160647786 -0.203689278819044 
