 lhe rhe LE MiPf LLPf RLPf LMPf RMPf LDFr RDFr LMFr RMFr LLFr RLFr LMCe RMCe LDCe RDCe MiCe MiPa LLTe RLTe LDPa RDPa LLOc RLOc LMOc RMOc MiOc A2 
F00 -0.000138467676888521 -2.52625634751255e-06 0.000264315257996534 0.000115310724857261 -0.000136784816435014 0.000940669530193678 0.00876397493974214 -0.00895958390856805 -0.00177189578380733 -0.000439617315204589 0.00355772639165444 3.91193414172581e-05 -0.000205048103863828 0.000556916330614469 1.31229088143498e-06 1.49301145363746e-05 -0.00086546294075438 0.0109448144028384 9.98962997636367e-05 -0.0453251923469391 -0.000975507331198542 0.00287903201236208 0.0330299731392197 -0.0712698992671425 0.00763934890757363 -0.0201791885946522 -0.0713526192264563 0.182313583258783 -0.0316647957483079 -0.000429474211114893 
F01 -0.000622289173181874 -0.000765036295381087 0.000869921886612955 -4.38091780785503e-05 4.76664190435175e-05 -0.000386988848323956 -0.00276598163808151 0.0129708389220195 0.00389520070284524 -0.00884749447843973 -0.0122078160735897 -0.0368205716911844 0.000775944898875028 -0.0020391825840955 -0.000188476313872719 0.196895446379582 0.0026255336933594 -0.0299121367397353 -4.82937208013512e-05 -0.105484047956671 -0.0049239105063088 0.011092042609117 0.0132655802974907 -0.0794163802895287 0.00048303797828266 0.014597485644369 0.0280145549944567 4.35067211622866e-06 0.00152294458440938 -0.00109835167813029 
F02 -0.213323215211103 -0.07453883723048 0.32863140269986 -0.0215693122613031 -0.022039812146839 -0.0348581789016854 -0.0884103080986864 -0.0219132256564137 -0.0194477590712044 0.036813705788505 0.161325643726228 -0.0037911432130987 0.0272865794298174 0.00213491175852009 -0.000931530661449159 -0.00174504054472513 -0.0164565385175904 -0.0361970744178168 0.000280264979534017 -6.1606520120852e-06 0.00745252988185614 -0.0037656590657153 0.0392952696839945 0.0460836189462865 -0.0028891170475414 -0.0228801576840018 -0.0626208390914551 0.000320437543444306 -0.000445617645708046 -0.00666355948012384 
F03 0.295753372315707 0.144435123521472 0.0975008124706346 -0.0194848605955989 0.00996904727628334 0.0284604475719094 0.0506997595565479 -0.22749322221802 0.0348231107563972 0.0613803458675336 -0.0686320131049505 -0.00207277357099059 0.05723699379677 -0.000630920660039496 0.00171615818074356 -0.00110014630014196 0.00539393640571215 0.0972552948566292 0.00159763533056035 0.00139804153175203 -0.0101576536441254 0.0385357342606811 -0.008758800707017 -0.323838723441531 0.0398936816346655 0.257258680805927 0.191385006718469 0.000187229316078448 0.00863420392809527 0.188009736652249 
F04 -0.132392782974459 -0.0887966897319382 0.014992003687655 0.0172389222029715 -0.0307504592727061 -0.0563584124598373 -0.315606856825841 0.297399918698446 -0.247859607261008 -0.196292682290646 1.02784177669808 -0.00157752012811037 0.0623431879997295 -0.0123397804421698 0.00074324846264889 -0.000273610599851945 -0.0344167978304168 -0.0704253863402343 0.00262587097946052 0.00757709779635125 -0.182560844366039 -0.0649900135289686 0.748279616262392 0.0425677047376424 -0.0190618012376129 0.246348612730917 -0.872824318939527 0.000355366585048999 -0.00134626236912746 -0.0762401050947527 
F05 0.000626158635202718 -0.000111272712299573 -0.00111974380695329 -5.60321769824607e-05 0.000484834355548619 0.0020265859215728 0.0175735872475116 -0.0366079440235122 0.0126846592652009 -0.0522981064280977 -0.118364537921264 0.194793428334571 0.000781455782892766 2.57483916940695e-05 0.000140970653982887 -0.0474675334477758 0.00998836113594159 0.00975110190032748 -0.000393224135301079 -0.00216745928305964 -0.00280826611273318 0.000808605005612604 0.00855599983880072 0.00411441396543075 0.000119837459311123 0.0015112725199478 -0.00119245094568153 3.30149008542819e-05 -1.76399590668036e-05 0.000498837119208142 
F06 -0.00199250019722235 -0.00129539944031512 0.00215697979512224 0.000620544968533142 -0.00093503185673452 -0.00144786092213616 0.0151074472674126 0.00522962747177194 -0.000305456547235455 0.00296547898890797 -0.069773926512911 0.000235089113705885 -0.000576652240257243 1.884114686558e-05 0.182168441645658 5.60328265637866e-05 -0.0172739549366994 -0.00470107546151245 -0.000194820219194705 -0.0954342530455977 0.00841278875374437 -0.00370563682477706 -0.086488018636521 0.0267227474648222 0.0113727486616374 0.00298643558020837 0.0253689542355338 -2.02275478345976e-05 0.00210169885267089 -0.000861906056469612 
F07 0.00209054465019299 -0.0149341991344764 -0.00120079701109991 -0.000213015849429484 -0.0023870382077258 -0.00970465373647233 -0.0181595161223622 0.0294832081941844 -0.00871323174772365 -0.0199220471490445 0.0432305098727459 -4.23170588876197e-05 -0.00236494873550356 0.14482808334992 0.000260486053553917 0.000277708749565893 0.00093537934331655 -0.261959509276904 0.000502270043098503 0.0144181003397881 -0.00619996968545251 0.0117571203434881 0.0037106627633673 0.178702145170029 0.00780542956616239 -0.0468366979839222 -0.0364421669878819 4.35116329106036e-05 0.00045157374953235 -0.00967252914091469 
F08 -0.0215116995257795 -0.102491333595675 0.0217587730174955 0.00220677747199388 -0.00430185446481111 -0.00367866982053652 0.0265637910749855 0.0412277947555542 -0.00649572443642687 -0.210734312074385 -0.0480860280808527 -0.000247757241094511 -0.00789885249480133 0.179367810380412 -0.000220126855187399 0.000610220923111093 -0.000400306441090479 0.459720729923797 0.0005071295580809 9.36042197051066e-05 -0.0396723643902227 -0.0117903829245083 0.0304051271547928 -0.399060604080335 0.0142553769990125 0.0564514110501331 0.0447224540339469 8.3661671954455e-05 -0.00034147464152732 -0.0281558859210765 
F09 -0.000247932315005045 -0.000148632080804226 0.000101306263924481 -0.000153298334618158 0.000315151780872654 -0.000298992088641077 0.00469861568639736 0.00451388818746876 0.0107836110381925 -0.0101229826931172 -0.0936221157292927 -7.89654183704094e-05 0.00066879969998398 -0.000839873227684398 -5.32277657202308e-05 -0.000125658335725175 0.00111582904055291 -0.00564646713039657 0.181794991697895 -0.144482942676874 -0.00337798189184188 0.00406603085800421 0.00444540716085489 0.00713144686186544 0.00133484973438203 0.00350784599893779 0.0356417528610018 1.31519839166976e-05 0.00175842415380361 -0.000337120337253888 
F10 -0.140867476870837 -0.0232496940208835 0.0413239362741443 -0.00314642550009635 0.0649680897617147 0.000205462637257372 -0.0878474222116203 0.0479344886304542 0.318479008933971 -0.00449719922152418 -0.18241728055264 0.00106592927358286 -0.0502211419144553 0.00256749202469108 -0.000493752598519247 0.00103993902603233 -0.00183881379071993 -0.0200822413459875 0.00154035141041868 0.010775368977142 -0.0602183648918804 -0.00598775215128447 -0.00466514827721034 0.0326885934011415 0.0204200412184228 0.000149385046477142 0.0045250968978611 -0.000186126617621566 0.00232365299286965 0.015537906061711 
F11 -0.05433875769147 -0.0324860323167361 0.0538141630394237 0.162168805710439 -0.023187054315799 -0.0324293260680097 -0.166799209222689 -0.0723724153215163 0.00960327575891999 0.0368773883142417 0.136517384281905 0.000544084307842649 0.0116278372690725 0.000908228674437937 -0.000333205094190784 -0.000364683660188146 -0.00985872824784453 -0.0171825341801589 -0.000540094870871932 -0.00787465031021451 0.00240279272641943 0.000130736665464004 0.0178815765736779 0.0104887921165 -0.000442290212546134 0.00582999304865611 -0.0328488411852289 -0.000128067279911014 -0.00106185946006895 0.00106371213878774 
F12 -0.0415864946541418 -0.035380649595865 -0.0070480777665917 0.0070371009895766 -0.00781363141070516 -0.00774507651585492 0.0589831836868637 0.0379844404189921 -0.0159754543562698 -0.0116355931522134 -0.0757581746478126 0.000104083719012563 -0.000532854941534121 -0.00288512184905457 -7.75403602145326e-05 -0.000336433561205676 -0.0010930675337718 0.0201176431321454 0.0013054918460523 -0.00177105186267555 -0.0377928158115092 -0.0829351066026605 0.187479448637821 -0.231981561316455 -0.0523493596065576 0.597294533763062 -0.199007022715072 0.000297567096343995 -0.00410886459234465 -0.0527503507830833 
F13 0.00425271912452847 0.000585912150526603 -0.0117998984390164 -0.00147079168399604 0.00047297749907793 0.000693685628021802 0.0513509603270049 -0.0583458996561315 0.0182192138208344 0.0646958563070937 -0.156623201974488 0.00014437784904076 -0.00820511374536709 0.00363103509728046 0.000381190995828839 -0.000111649543022987 0.00352495634848592 -0.245469483711818 -0.00145768969508993 0.00202945241077851 -0.00678971557805292 -0.134533017947833 0.126490774323845 0.888759787235048 0.0434249873016146 -0.218669082654662 -0.376743455522445 0.000257952485549552 -0.00278586997908338 0.0157942109554867 
F14 -0.20500081636345 0.175272257784737 -0.00660128972998307 0.0054829923225607 2.77097399690839e-05 0.0123493047168124 0.102986634031253 -0.0632848681107125 -0.0394226014660081 -0.00453895703507222 -0.0191481169574628 -1.98291945901153e-05 0.0245919304345805 0.00528877387516217 0.000643798320122662 -0.000681238126898793 -0.000588852287825781 0.0619915725998068 0.000833866587918956 -0.000805658969705506 -0.0268343780898124 0.0189168190726928 0.08396585094484 -0.0892187114521903 0.00738742348320558 0.00914986104307092 -0.0384229622799887 -0.000117622903988076 -0.00354449805839844 -0.0404632714083128 
F15 -0.0119197192666894 -0.00443785167297211 -0.00423048240257123 0.00249006110141975 0.000426562870422485 -0.00198725685682864 0.0149505571692914 0.0320324657007008 0.0245928519366138 -0.0214521275204709 -0.110700685218199 0.000111076152832995 -0.0132730611817163 -0.000912607637664684 0.000278589853288669 9.59641531108948e-05 0.00609121321277496 0.0261392717232477 -0.000256008049795396 0.00228318503478789 0.0787678180018952 0.0386602647579848 -0.776166341601212 -0.160105091312652 -0.106590058265907 -0.204860531064963 1.19419819327414 4.56303419169989e-05 0.00151358494070337 -0.00669127965688455 
F16 -0.00349686947542414 -0.0190891847754457 0.00535540171231086 0.001616354038053 -0.00280875475359257 0.00593427295306961 0.0731471763549833 -0.0710079806376521 -0.0199805796873475 0.0447133703927934 0.0037726859654788 0.000456713298261835 -0.00105100689973165 -0.016908680725428 -0.0011026264520295 2.4194937733936e-05 -0.00259944119804209 -0.126028451004522 0.000122968542849411 -0.0128483427179597 -0.013727559287285 0.251259978094676 0.00544458340199596 0.0207938373498022 -0.00687170878472878 -0.0821722233870187 0.0264599140581318 -2.65413688034975e-05 0.00345249167008849 -0.0706909828433711 
F17 -0.0118573487244141 -0.0477190880212088 0.0127369311451123 -0.00322120967814558 0.00290486555888354 0.0280116609255627 0.0707211000903986 -0.23290571355271 0.000694318978814189 0.485599978829568 -0.110980020755346 -0.000160168341212167 0.00732192337390352 -0.0115684698561683 3.52069322801674e-05 -0.000694586708606612 0.00102030461323436 -0.315600208123211 -6.80219908915034e-05 -3.32712099205862e-05 -0.00359618699382926 0.0240358515717985 0.025827988887142 0.0772321760530599 -0.00876290047854606 0.00218779905116654 -0.000474551136191881 7.65684190072733e-05 0.00100188105371259 0.0029265924974312 
F18 -0.0167957778997805 -0.00196502337871505 0.00329864816227612 0.00224316481775968 -0.00373273589097896 0.000697322694218935 0.0261001957806522 -0.0135032130235746 -0.029332892974017 0.0117563443081596 0.00191778199876262 0.000334412246850949 -0.0513663372337131 0.000738892090734182 -0.000501347603414321 0.000349857615967655 -0.00267202175945578 -0.020292931588676 0.000609012506534345 0.00171028489572943 0.389704516723147 -0.0131530397320163 -0.216213190083726 0.0291108937242397 -0.119006974445593 -0.00159062114245805 0.0844255693566241 8.48490344149319e-05 0.0105186121614257 -0.0093884744618593 
F19 -0.0921475997370613 -0.0524434395863931 0.0912235817840149 0.0364892143222892 -0.032151686870207 -0.000415539607413287 0.559806136101569 -0.234442702579016 -0.0699272552943918 0.0237193797103325 -0.290526325523882 -0.000153051960850435 0.00352430043102819 0.000416866386999513 -0.000334247054966185 -0.000221850395972001 0.00200795696942619 -0.0189538153936134 0.000610011871434398 0.00213438106251649 -0.0021836695964913 -0.00929722380145082 0.0110971380292642 0.0686220362223894 0.000917141077954026 -0.0363515102848883 0.0430066074794214 -0.000289423558906905 -0.00239010232002005 -0.00721843693952267 
F20 -0.0452233855807753 -0.0951626172496996 0.068121743526893 -0.0151132400688874 -0.00986050176507476 0.164122744831258 -0.0794209729609186 0.0430178909143891 -0.0107003596997339 -0.128050173787594 0.0875780277070341 -0.000132761704901948 0.0120378841886157 -0.0142536489406134 0.000308314549783155 -7.18949251013641e-05 -0.00305176655734098 0.0140404965424534 2.25219083608593e-05 -0.00251611543073064 -0.00559447585779908 -0.0122364493366727 0.0303513106959374 0.0245279254331899 -0.00155215479109135 0.0078299347566425 -0.0418265746984132 -4.80208760494375e-05 0.00171518608316817 0.00843363544935164 
F21 0.00579175201027345 0.00292307606230395 -0.00988863901158191 -0.00168636040632294 -0.00199664217725113 0.0012792289826628 0.0506519263171973 -0.0119743366357138 -0.00200836986303546 0.016002776380137 -0.210478166701321 0.000131496767371277 0.0111054576530786 -0.000108328196118357 0.000250008121645797 -0.000225665087638257 -0.0118640110351222 0.0159224239789913 -0.000150270674652797 -0.0023454706054805 -0.129924470070887 0.0148166193058821 0.700479505837982 -0.0462396940121765 -0.0711616613574219 -0.00646180817597327 -0.301406083218659 0.000131157842221876 -0.00153068516044502 -0.00716587933876835 
F22 -0.100097826387165 -0.0132257863723823 0.00326924510914155 0.00235157842324701 0.00260025125859529 -0.000113961906048802 -0.00456784444771672 0.00583472013060717 0.0337083717791384 0.00628543632661614 -0.0541818045973541 -0.00158525330104506 0.1736253865401 -0.000176049885572077 0.000227176849243904 0.000424401531704166 0.0065561991184247 -0.00527776895033572 -0.00102694355188422 -0.0111383964340056 0.0579762416968772 -0.0119866079622463 -0.12142094247901 0.0279296059654225 -0.0255891706926441 0.00260287652627424 0.0609371002996529 -0.000187848614387869 0.00413355050317785 -0.0036134148080413 
F23 -0.060656308416592 -0.0828621063758119 -0.00483073718928122 0.00835212906039039 -0.00484265519404154 -0.00220068031083025 0.06314086465331 0.000428903374617557 -0.0249023288159019 -0.00527433760236211 -0.0150128113986805 8.5784398623702e-05 0.00385627187655687 -0.0207038072739545 2.32780688923651e-06 0.000107537237030089 -0.000925802336090293 -0.0124445125226066 -0.000468078455830226 -0.000583638179034972 -0.0217328229638256 0.0447964414629125 0.029970862738037 0.0275183553530493 0.0183277113992932 -0.154715349178012 0.00632211418008124 0.000160668304120986 0.00203463089326354 0.209891294046371 
F24 -0.00731215609279236 -0.00240931902926282 0.000519969615952191 0.00106198172975901 -0.00528598158845336 -0.00172132008968979 0.0363721864501359 -0.00878306611349756 -0.0556104797004441 0.0162155336301605 -0.042984370356386 -0.000208206923998528 0.0237545991944626 -0.00102382403825542 -0.000127325912118965 -4.19419701955471e-05 0.194806902880009 -0.0178966667219089 -0.000135343617418712 -0.00387393631933797 -0.0782501144235774 -0.0025129078204262 -0.172659303147728 0.0218230261460544 0.0395624106752919 -0.00694851676119204 0.0766869489468823 4.27552326917094e-05 -0.00334991238758255 -0.000740255574617674 
F25 -0.122289574712308 -0.0122937248568991 0.0412052156424566 -0.0197765884564246 0.174032467989709 -0.0141146025696486 -0.0370318805505774 0.00964908689428236 -0.0787561118749308 0.0033969653598397 0.0409178749062411 -0.00022920189027877 0.00549747372837219 0.0015655199472577 -0.000110985523326932 -0.000205756091691498 0.00135777387433287 -0.00684137334569363 -0.000588966287600321 0.00174798443477806 0.00403112593492831 -0.000466527359072873 0.00935426581788525 0.00596271546033296 -0.00117252022858671 0.00306819705720543 -0.0186200408509796 -0.000108489202989842 0.00113545414616171 0.00361656645347334 
F26 -0.00335811402697425 -0.00328021543080156 0.00474048607548705 0.000930035116682196 -0.000617468778848179 -2.80430575841503e-05 0.0370830074541903 -0.0111584138345158 0.00763415029770264 0.0002182780670552 -0.0859025372910053 -9.75949846637459e-06 -0.000918355871050046 -0.000213519453697516 -2.66692923876067e-05 5.5143403770124e-05 0.000597241254742535 0.00775904593852261 -0.000234532236368302 0.273493374939424 -0.00362320164399699 0.00606353333442256 0.0171323141137871 -0.0924274712752722 0.0265797419191674 0.0230770939812655 -0.200373426614628 -2.11203681766626e-05 0.00187982394893085 -0.00413658858926113 
F27 0.00219632914788934 -0.00194590293611577 0.000478549089698488 -0.00016011080831868 0.000450606655594314 0.000754857208334958 0.000180982781365458 -0.0107866250409482 -0.00394251609433588 -0.000636255457359312 0.0398010823945675 0.000141677908450628 0.00163068775082478 0.00314497340358122 -0.000161263529256283 -0.000205877571371696 0.000848354993220383 -0.0175670623995094 0.000466864596604644 0.00100285509260779 -0.042443236443204 0.00367163831883296 -0.0898284471266033 0.115260385359482 0.335449168685961 -0.150407738258324 -0.114729628426793 5.81519119917626e-05 -0.000965879597124317 -0.00835136275755593 
F28 -0.0233171036755594 -0.0234435965406526 0.0385189867780356 0.00837665024975238 0.002104879865499 -0.0328024781529069 -0.229989538353281 0.470242782867369 0.0428151293263915 -0.0964398811616102 -0.209736972791372 3.07739711809023e-05 -0.0108020730888355 -0.00688941996781593 0.000156373636880923 0.000995830778201318 0.00399823847624216 -0.000433269860704149 0.000738008796345758 -4.65827785354771e-05 -0.0169786524383348 -0.0113707578726072 0.0879565693747586 0.0536307044594909 -0.00522740065221351 -0.0147736560472429 -0.0370685715251751 0.000186858604324898 0.00619289895334005 -0.00563927761428904 
F29 -0.0013354174658298 -0.00100784737379367 0.000106586670972082 -9.03330360244271e-05 -0.000139373470785865 -0.000128481447895823 0.00279060461581596 -0.00468202805826184 -0.00369442513623124 0.00271239595678862 0.0068324812729236 0.000175673602657069 0.00131096202107351 0.000252857086097223 -0.000164669404098008 -3.15319392489627e-05 -0.00178990291278494 -0.00550000961424403 0.000390437913775033 0.00148611483761706 0.00134855286140367 0.00615004525857727 0.0986900492874408 0.0367757052968139 -0.0615659743864741 -0.0879706352377196 -0.180543060233543 -8.79715325308714e-07 0.185256141868799 0.00377452386180903 
