 F00 F01 F02 F03 F04 F05 F06 F07 F08 F09 F10 F11 F12 F13 F14 F15 F16 F17 F18 F19 F20 F21 F22 F23 F24 F25 F26 F27 F28 F29 
lhe 0.00357120065385741 -0.00821484500811765 -0.728981471699764 1.10261710697447 0.201550346720441 0.0016455226467177 -0.00827062202698529 0.00791740704740958 -0.115161647446966 -0.00121014723485559 -0.325275201319287 -0.0128685581090713 -1.35776075956422 -0.257247472480676 -2.01590411653269 -0.558944872165461 -0.119046655860132 -0.00772815349528763 -0.323401345753921 0.937538573781303 -0.0696534733320571 -0.361092853655443 -0.181877736116267 -1.69453899450432 -0.106064789448152 0.0401629346426454 -0.0383100896044317 -0.521315081574702 0.678563183198347 -0.0892347909008684 
rhe 0.00329570719247316 0.010622813891532 -0.366265501194663 1.28817643265454 0.0696784461814593 0.00572306268240995 -0.029219142605431 0.444657084864792 -0.616895558593952 -0.0279542824229093 -0.00196968285374951 -0.0193904381521855 -1.15122296853542 0.141647135114924 3.2570425335252 -0.430377076908847 -0.447703119969833 -0.199057121249564 -0.128243737423375 0.0935399217078481 -0.33970290012541 -0.948240293471455 -0.736449619596041 -1.07109303609315 -0.114570689902818 -0.223295736653058 -0.109464356553799 -0.767758548250601 1.04037538748209 -0.0161762030714027 
LE 0.000681649435705719 0.029688341131273 1.85306802940823 1.21898700831003 0.0187935155498354 0.0531657141646334 0.000944167128041112 0.0393538688243089 -0.149525542598683 -0.0209145795555462 0.0965265828827528 0.244755611821737 -1.21525413780146 -0.270315374860755 -0.364873415759094 -0.564673543130699 -0.174425141821425 -0.0188560720611928 -0.240463249636336 1.4382751895179 0.503571495127858 -0.717007607991818 -0.690414688966377 -1.49799475300234 0.082699840136809 0.343645135290874 -0.0551283412473982 -0.665341238640467 1.35740134742578 -0.077783637873769 
MiPf 0.0134828095458556 -0.0329960928976376 -2.8645932806028 1.18233347021728 0.918598251688656 -0.0568857195293952 -0.0154653186885002 -0.212293300844773 0.274175021951396 -0.0271260070386439 0.748418171244015 5.29013679201706 -1.43955950451312 -0.157164374720757 0.628298241346216 -0.16846913406318 -0.0619287262001446 0.738577847643727 0.225221417335332 3.01476930410535 0.860022661851257 -1.22577002244167 -0.355626972663236 -1.06848990766443 0.0264636360972605 0.627909083052206 0.0191224156255126 -0.549531325653702 2.51043502230866 -0.116756288339915 
LLPf 0.0115698535666834 -0.0241027410372318 -1.91985352189344 1.1367745938737 0.668020213250115 -0.0220286910075266 -0.00936418228313393 -0.230421539539734 0.0763909824354575 -0.00772988766656334 1.45730379237233 0.300089194011207 -1.51605522382477 -0.215829569051657 -1.10336159498614 -0.312569357819879 -0.0506940282656871 0.33196945773439 0.0709032641199325 1.52941177484087 0.193429592374195 -0.513542960295362 0.139823506792389 -1.6119374145612 -0.150019329843785 5.20764765005872 -0.13271243614165 -0.435971073369437 0.677112756034859 -0.156462873600251 
RLPf 0.0065213403328487 -0.0151958150969736 -2.19445604719822 1.23407536122249 0.651486733824926 -0.0262458973531041 -0.0371742216069452 -0.430924848702074 0.833745920856399 -0.0359188129166561 0.56108551274998 0.0516836669239534 -1.36424959733556 0.352715264289954 2.10206530288389 -0.105520637904158 0.0311017523038271 2.24086623437793 0.283961384410513 1.00612685305066 5.3258778295859 -1.22820117015286 -0.574881673651247 -1.07451245899528 -0.123057379212201 -0.0833319523802817 -0.0570723111031462 -0.574087087090816 1.52807295599312 -0.149968348996048 
LMPf 0.00501735669310902 -0.0195720296504233 -1.40298985642773 1.04934511603171 1.52307129405778 -0.00894483401554368 -0.0140619919834505 -0.455767779379595 0.483978709444957 -0.0536415902508763 1.37085348452038 -0.858909719850947 -1.17513300267287 6.6286954101944e-05 0.240527437213831 0.166782185720709 0.129803407441529 0.899332767144211 0.537401359822486 2.79396264494468 -0.151649594778407 -1.09486933621317 0.0168669192912426 -0.585383572196887 -0.0359663326217504 -0.180414984542605 -0.178645985876424 -0.257334294814135 1.16117120272329 -0.123693607355944 
RMPf 0.000511041109834478 -0.0246076727188367 -1.38686384896459 1.07647090795533 1.54745484596218 -0.00788861198966609 -0.0204621868089401 -0.639084678587433 0.784838874390843 -0.0551453119761176 0.917082942545503 -0.703056522298242 -1.16346408001374 0.158801186768428 0.680767389085267 0.268229267149044 0.176392383508448 1.53191636998206 0.515983219838035 1.65367610158837 0.133002341787127 -1.40707059554259 -0.0634267279320468 -0.459070259583508 -0.0745264609112222 -0.209330236631709 -0.145193705861641 -0.281488947633285 3.1303617828845 -0.196965948703012 
LDFr 0.00541101077023379 -0.0310098580905024 -0.944045822668867 1.00696110245425 1.24326373352692 -0.0161771080398732 -0.00470090497311908 -0.415087505719001 0.299859580029982 -0.0548968375896226 3.6545198161356 -0.390646935057203 -1.20373450282992 -0.0449961632042438 -0.447026363628631 0.126955455206443 0.130728923964871 0.454602862485009 0.812349705755039 1.03977873180015 -0.25945262735377 -0.258691777630482 0.820671153130614 -0.964114820516074 0.0741810827734104 -1.27799802279573 -0.194585640033665 -0.0816239501974281 0.0610755023586653 -0.158273045182691 
RDFr -0.0033595331958458 -0.00292737834327762 -0.884002133348479 1.08384368478342 1.33310987209372 0.00294394044327098 -0.0165697739840922 -1.81952981728573 1.74420429875381 -0.0363285152789796 0.68295520241104 -0.34131279345195 -0.914514485151016 0.99970497411349 1.01837344490969 0.464459264848983 0.352655771029218 3.32354789482866 0.548644928886217 0.480781655035568 -0.424562124634863 -1.15849131049542 -0.236560244819875 -0.376253081010155 -0.0189688736723499 -0.280699985670272 -0.0358151586243505 -0.232776502818236 1.74841757605058 -0.139048518393202 
LMFr -0.000207152785188443 -0.00622634167229771 -0.75798237816057 0.976168171691737 1.7230599798867 0.00132738377196023 -0.0131875154560372 -0.563826707467732 0.570152439503616 -0.0435639391699291 1.28604907831449 -0.322317190559012 -0.910610102991663 0.353733061723751 0.247991759206237 0.69888564413873 0.230427839315636 0.804294574922379 0.73813489335038 0.772577533986453 -0.030933796002452 -0.641720837707 -0.161018679677773 -0.389955530344806 0.143918585388123 -0.273829821145024 -0.13556112835855 0.0488228691647084 0.0894836172248031 -0.100422054380708 
RMFr -0.00337402880655044 1.29223278234974 -0.7819078530368 1.00792664381455 1.62173944773234 5.38223223810037 -0.0195096075940189 -0.996453949835435 1.01597221243899 -0.0263750287140298 0.757807261190162 -0.332997936518467 -0.853977456056605 0.795202822998433 0.634089310864757 0.780179686716301 0.293724494528573 1.67911565796459 0.582017459627665 0.583341216519329 -0.13846218138971 -1.02760538590181 -0.263206029947521 -0.310667878071629 -0.229326157933158 -0.189082761547442 0.449873466506991 -0.0913346076541506 1.03443921431865 -0.136232350262043 
LLFr 0.00587660562675333 0.00239022051081987 -0.467286335841941 0.868056709148416 0.546532371862981 0.0513723920965815 -0.0194114185446839 -0.00832966454782847 0.00274449454906448 0.0235506606462858 -0.413030230457758 -0.108111315301821 -0.825643990180815 -0.104018778873961 -0.658796140187317 -0.0439635354999188 0.0614923129002373 0.0911113559064884 -0.559495300388506 0.483831616052969 -0.0379618680228405 0.424533152930166 5.17194635741078 -0.756468672134666 -0.157715108455622 0.0638288902154628 0.208432460742073 0.144106412721619 0.283338937774012 -0.145098988574047 
RLFr -0.00388057243551512 -0.00980994557433473 -0.646431215817365 1.13243632156933 0.590825485655109 0.00436735148888345 -0.021636704393437 3.11083829211727 3.16762829858635 -0.0385904491477459 0.40574104402276 -0.103419420091785 -0.528593612248604 1.04618753533786 1.51114289315002 0.150566765088051 0.212431891574183 1.6392532763984 0.500916141663121 -0.0651198920525547 -0.179869863419874 -0.861142234896393 -0.106035155168912 -0.150631172792824 -0.0788588339908687 -0.173405098488461 -0.250271496103291 -0.475997200370435 0.786942940569814 -0.0958933862717463 
LMCe -0.00369381294702933 -0.00378251726771472 -0.442115206629935 0.903594287567957 1.37167904422446 -0.00469157812176875 5.47663797145909 -0.498585050387859 0.509835458708733 -0.0222441757114776 1.0009614336205 -0.109257060410995 -0.327621168385177 0.731902961656232 0.232714906373467 1.35910799822498 0.329717048537349 0.470985052061497 1.10473838476808 -0.0599032401827332 0.0484296437942675 1.20219330659403 -0.148637531907649 -0.136827998985695 0.709192461413862 -0.183950234278059 1.84403112873712 0.38983529904765 -0.207100776710737 -0.163359017037127 
RMCe -0.00595685202969441 5.32209570167151 -0.470139942166212 0.970845873399561 1.23757525701467 1.01043771463577 -0.0091682699029105 -1.28406726135641 1.25671201863344 -0.0139663904176372 0.538541670909646 -0.136357007882639 -0.146181260903531 1.93414458488846 0.623369238545281 1.32549684133393 0.721986893098741 0.906951790056501 0.663296432112524 -0.0627919969231519 -0.0914576979823579 -0.289658063040634 -0.176814860766862 -0.0547179868859569 -0.0532381348452759 -0.128599357814728 2.04792289547623 0.0452593167023511 0.335950581939956 -0.142753105410749 
LDCe -0.00403075487832025 -0.00937034838091628 -0.464851592423959 0.846399080735721 1.08422041470755 -0.00377711756537027 -0.000679670942059286 -0.391371205213007 0.373460323399928 -0.037125683501637 1.74416174019867 -0.0972523567586836 -0.480451159243099 0.241653172429781 -0.0872876652684793 0.529942532253538 0.22318705314175 0.178822682070424 2.4026596636908 0.00380338637125528 0.0113066215026824 1.70898753569371 -0.146216843013686 -0.336733015368356 5.39774229737482 -0.369549271234066 -0.038152910798509 0.488145369588105 -0.122005232784283 -0.0803930271458214 
RDCe -0.00557630018575166 -0.00165804475829615 -0.516404493338997 1.04050314178243 0.996765543910394 0.00344118277582271 -0.00857598425430614 -2.82043158371251 2.46264094406839 -0.0176425092352328 0.48327117133066 -0.14515284034125 -0.226638992080353 2.02904950318963 0.933039400310922 0.770587144692527 1.15564186437167 1.03095707388133 0.587424324231375 -0.155074216199729 -0.256711508245348 -0.631157588378746 -0.126310471517341 -0.0223297444507793 0.0266821605790812 -0.186627781154431 0.0991972103527072 -0.11407249867231 0.718722321925822 -0.0878470566925066 
MiCe -0.0040876971645252 0.00403503465157176 -0.530147811143235 0.943031877077605 1.50017246973067 0.00784475681236449 -0.0133539411071147 -0.74882108533351 0.768210863289382 5.47468860705099 0.748265275908603 -0.170634324657301 -0.452358585834871 1.06534925844589 0.424760871214762 1.34425246486714 0.344394544775143 0.831188411810111 0.778971676252769 0.135022483486 -0.0107197719106584 -0.0914832869570447 -0.2282088848142 -0.158068226566226 0.101794036558519 -0.143450640724785 2.82882999712256 0.106085032499694 0.0698909425863839 -0.165857201158903 
MiPa -0.00618777856813506 0.00198839815126936 -0.339266334635043 0.908972826656081 1.16070848375301 0.00414159868139283 -0.0136795123700593 -0.63912729640627 0.655844403652802 -0.0179395773474244 0.604010817282851 -0.08196607154603 0.224196061631242 1.42172776507095 0.386543588091554 1.89167171426205 0.591706804668121 0.474637526576129 0.818669694926502 -0.222916518948824 0.0125372544205389 0.732504694843952 -0.118432532279019 0.0350520250255349 0.12709459419323 -0.112695918670699 3.61612590054075 0.487849840773949 0.0365088849244939 -0.109620714140422 
LLTe -0.00403082275611642 -0.0060240725880714 -0.256297344718541 0.653094568866949 0.566704138321301 0.000102089103311082 0.000402806006982347 -0.21591418479001 0.200339025190025 -0.0267396640546249 0.547253761143691 -0.0625830524306409 0.0964647664113753 0.17193683025189 -0.0802000882094384 0.521282409170505 0.237677966076089 0.100134573704715 3.42534012599731 -0.0682253142461222 -0.0329597288988698 1.39874654634626 0.749683053059736 -0.0353052376929067 0.145096556510224 -0.113447126230543 -0.0226889537510082 1.5974926477662 0.061799236486815 -0.229725457257221 
RLTe -0.00613404793523102 -0.00488016877925853 -0.285057549994581 1.05011168911741 0.45939108237858 -0.0066159881691941 0.0127378281762315 -0.881747887869475 1.29813458438382 -0.0209121474959185 0.389446247577161 -0.0470926991856871 0.577798711203304 1.2793054144651 0.950391960286345 0.347358640929467 4.6328047607281 0.201006118594217 0.565122988435958 -0.762905743554859 -0.211984795281936 -0.605423246501019 -0.0678871799982824 1.13613380126995 0.0375926273567086 -0.176114710785634 0.211445343674841 -0.0809631095768809 0.759151889484053 -0.170002201857381 
LDPa -0.0063851676639557 0.00264792729830451 -0.277588938670866 0.812639715265666 1.00777267781107 0.0014455533507384 -0.0109084346384134 -0.362602391021343 0.374594846242081 -0.0292623098037826 0.75784461096324 -0.0644459018550829 0.279141268513507 0.698044839866295 0.181852893843964 1.41333334374167 0.306626504013147 0.31543746449855 1.41149802516591 -0.0405900137440586 0.0199074216054406 2.37451414355361 -0.0247270483490499 -0.00156738638034596 0.246452205765219 -0.128098243871237 -0.0531858291895436 1.27910636787391 -0.0456108225708359 -0.0857184225755336 
RDPa -0.00780678595064819 0.00178293487312644 -0.314073566323831 0.95909664770066 0.895715254621934 0.00238065544486878 -0.00885188148666426 -1.1537466141112 1.13213560914644 -0.0148794083929775 0.475321310515692 -0.0774938425265297 0.631840644986039 2.49656706461757 0.585055050669745 1.24469597106315 1.47716907798422 0.389690541810231 0.60158966543599 -0.256641985875338 -0.051185437874166 -0.12439305353591 -0.0763756853100351 0.173579514008044 0.0490305297227084 -0.112639223923508 0.0394811895915982 0.239189424047837 0.365155010826873 -0.0666239236251929 
LLOc -0.00685090324302776 0.00635256817484155 -0.128434492405068 0.642467829076305 0.474740931810092 -0.000162701361817109 -0.00370608317271594 -0.219953696213556 0.211631282380554 -0.0320591143086382 0.4017800063605 -0.0244450705465624 1.10741790000654 0.346610923176197 0.212573861458666 1.12268893563828 0.276855061399364 0.164908410456921 1.11777441573094 -0.242305702457804 -0.0107559196520315 1.24727016670747 0.0359633779101034 0.24943712976223 0.103159954655329 -0.0808810123739595 -0.0344958054865383 4.02487441176186 0.0222572411328406 -0.0500922361720849 
RLOc -0.00818929788427532 0.00621267592178028 -0.160387713088375 0.901406943212922 0.514903101674856 0.0029896560304682 -0.00545736657889594 -0.509408381720164 0.610475308955339 -0.0261089736474175 0.346322233427314 -0.0269801274985506 2.10902341295861 1.33201848395204 0.481656750722537 0.909927430448831 1.2146833870609 0.200616172738065 0.513251082600177 -0.470093394697231 -0.0269577059716667 -0.231745491698965 -0.0936761496205047 0.387006457354144 0.0314952698689418 -0.0700746698183793 0.0281102452896181 0.445885912992172 0.112972597551519 -0.0368316437377947 
LMOc -0.0070038691445186 0.00474412792012163 -0.238019109468184 0.844715090848006 0.928471720176289 0.00307661296319835 -0.0122796920588958 -0.436670897179636 0.456706772675248 -0.0254725354856187 0.588384409629133 -0.0597703061297907 0.648201820531616 0.993230501087079 0.272419814708971 2.15882835387442 0.449995981638571 0.344781440744376 0.945364380939382 -0.13813606571318 0.0138325867658282 1.49575339075156 -0.0689546259175192 0.0627263619281909 0.152368772986177 -0.0968920739915303 -0.0441565480292137 1.19372703516578 -0.0454933103800913 -0.064066673708627 
RMOc 5.47712728541258 0.00317711750785193 -0.242378063016456 0.912087211206376 0.873123169850818 0.00143054404005511 -0.0103947510071839 -0.655162325668782 0.670474128204442 -0.0249845378201765 0.482275130366256 -0.0547546332723292 1.00140032944153 1.72473299866166 0.423903616996649 1.87147034785979 0.916726851247214 0.347915173657847 0.649759939103005 -0.347510639645759 -0.0149483296270624 0.368544891546284 -0.0808937725722846 0.160562058713504 0.103130300095662 -0.0977839950785691 0.892979086864826 0.692411745124827 0.187308603891785 0.870827838552758 
MiOc -0.00767311407871882 0.00681625831900309 -0.143223510359176 0.797977999881004 0.556287742136895 -0.00260994349155287 -0.00329858902429273 -0.347526611773654 0.368043316596775 -0.0404386531216527 0.398507722148455 -0.0230545095581506 1.68722006436526 0.817544843029182 0.314448674636249 1.87533116530848 0.523453135748461 0.211921338666829 0.637936986297039 -0.341456494895008 0.00892767614491596 0.546442498447499 -0.0890317095233104 0.158881724153312 0.102784748642642 -0.0739726224943511 -0.0584003500221095 1.97170638106178 -0.000626786204147167 5.36664851994145 
A2 -0.006199530652143 0.00406840723632139 -0.102032275863157 1.08710823744057 0.0355230168340171 0.00643478498963576 -0.0171924340023365 0.345754318532894 0.110300547122601 -0.00635073849247161 0.133605508182819 -0.0373487708792568 0.390872262739506 0.486752177946537 0.811610415990186 -0.146219999642666 -0.470594886422002 0.0578824592465925 0.154014983144534 -0.533764499509107 -0.120709888035998 -0.743935253705471 -0.350664941444964 3.82410168551364 -0.0550661880194986 -0.111352487548963 -0.0674275013996263 -0.559635615900353 0.271422416879135 -0.0793068385824922 
