 F00 F01 F02 F03 F04 F05 F06 F07 F08 F09 F10 F11 F12 F13 F14 F15 F16 F17 F18 F19 F20 F21 F22 F23 F24 F25 F26 F27 F28 F29 
lhe 0.23984846088031 -0.105897325865162 1.77038847306243 -0.325041861576015 0.121696044342357 0.124872582560434 0.46274441229364 0.000858550609246216 -0.191212242751138 0.0494996400540914 -2.1300317014622 -0.405279974513221 -0.201073351652147 0.23771244733277 0.340698123496289 -0.0639266552118439 -0.00551499355851714 0.224459872383492 0.086753770425212 -0.133603080838539 -0.672412996853875 -0.407529789003854 -0.134055379809653 0.323928600892122 0.046968238913067 0.418506351973275 -0.293212360179447 -0.297820013842826 -0.0655719553867096 0.666586080486106 
rhe 0.407185913385349 -0.142848096652383 1.72477363499027 -0.158633386734713 0.24195956995487 0.258019434953206 0.626022629955319 0.202487860565242 -0.00328939723283537 0.703111811235735 3.61728133328747 1.18509212481089 -0.233400944906614 0.0945114858165231 -0.368372750988065 0.274988365663635 0.175635817657562 -0.0447991682485996 0.354629669257782 -0.122067504379991 -1.1528038528851 -0.641425244008276 0.777527229516396 -0.287949587486139 -0.512757909118823 0.651164015021309 0.776549066164645 -0.13261502140527 0.454797553123349 -0.797909324475191 
LE 0.310243064596525 1.92175698350991 1.57065014066642 -0.231990472153662 0.0444201218565203 0.14656661311336 0.874893940766055 -0.0505346797781147 -0.184992559118295 0.275009587751017 0.332227621412692 0.232163436689656 -0.127397205595404 0.0872326323933793 -0.0392476322059832 0.0372502711505673 0.165361094841109 0.181032750301775 0.1264396368319 -0.187217139471095 -0.970464996456927 -0.592550929583096 0.102744729210658 -0.207540326455856 -0.0174702014090029 1.33982607663945 0.0567233601760134 -0.136826338926524 0.213813516938121 -0.328802617264181 
MiPf 0.79491406527911 -2.35321267126148 1.47848779810963 -0.134245708199665 0.814597655422422 0.47202865250849 2.29103318606338 0.668498618128576 -0.171187011420392 0.920112697073238 0.554954125626658 -0.226681821477243 -0.401523678377446 0.607216856385395 0.295792380995373 0.0901710714151613 0.019275606443286 -0.334552178539911 0.477486068249372 -0.171427679684792 -1.07474225017353 -0.811440474682894 0.0559562584444616 0.582274563953706 0.626725287498674 4.28786558028078 0.391058937314919 0.360888163441611 -0.393388760502313 0.364002507277164 
LLPf 0.806652340102775 -2.02761068138991 1.43577425496079 -0.139346027729337 0.647631546380521 0.499958515477705 1.90022251121885 0.4772630231152 -0.220417286115317 0.693356064764911 -0.147425218443962 -0.456391782900253 -0.376978195904873 0.842411311707901 1.88307417541325 -0.0232880792537756 -0.031634424438713 5.44076229809734 0.206988760118569 -0.0572139458110948 -0.991927948618551 -0.642568811380264 0.0570081779187897 0.835948430950469 1.17036119994808 2.10109846211066 0.199633726231335 0.370886410087922 0.360909052020518 0.522852499109451 
RLPf 0.754722512437706 -1.91546152607232 1.5674458711622 -0.128084567407406 0.685612489204207 0.487424937911309 1.33212710404884 0.912191820930168 -0.0202615859522144 1.99584104393763 1.96407802914337 0.359152099937449 -0.4171151553928 0.351302049534416 -0.132689614638442 0.326737099393776 5.46712199540636 -0.0904211916161168 0.722833574661466 -0.114236534198149 -1.18302652458212 -0.734059965677657 0.716961603983287 0.315401437752751 0.28977057365082 1.63195414189223 0.947544405125149 -0.0123818684435296 1.05020656339407 0.228831312157589 
LMPf 1.17265705654742 -1.38666130304059 1.12908096092406 -0.0484353454726533 1.49494217578331 0.717389390957869 2.37119415505695 1.31829333061261 -0.0943157825868292 0.819156670203013 0.334008820692003 -0.397624651603778 -0.467440799735448 1.15348186648026 1.23580386343092 0.160962744942094 -0.0480416295597069 -0.0365430172263148 0.16288056334725 -0.0637684731230176 -1.10637115577464 -0.84354241050118 -0.0276192456401474 0.789944254193772 0.799533850140351 -0.767222325891351 0.256660282216498 0.905905358918164 0.625726362285709 0.272646299456973 
RMPf 1.11784216073805 -1.36981187962138 1.16297676876776 -0.0181352722763062 1.36568606945187 0.784510407871392 1.93973149212796 1.98641311581707 -0.0270559747163648 1.53567802326874 0.668995093026843 -0.159705776473337 -0.457255693045381 0.838003450619965 0.514001304493491 0.392487512553457 -0.0162248237423177 -0.104085248946369 0.471306939954061 -0.0657636958043963 -1.11566000029255 -0.807181887016177 0.107139945332552 0.659024824154194 0.598506934437032 -0.051585324363268 0.401573621167809 0.759452437605179 4.68521809095824 0.189225182430759 
LDFr 1.19802033829162 -1.08517023848556 1.04761973365479 0.0329061392801752 1.5021429044194 0.867886581275463 1.5255773786834 1.11199160320979 -0.105179211332462 0.665280130608789 0.10698592399668 -0.464113516934583 -0.470412902582922 1.95900345117833 3.1804887896336 0.0868105566684344 -0.0790357947957071 -0.350280332873557 0.0858649910078977 0.131179126342883 -0.974410891349362 -0.614073960923918 0.017679396979158 1.06100910761247 1.19971534161304 -0.507239764117494 0.190634442469873 1.33564551476259 0.547124712909445 0.234613062885285 
RDFr 1.09666448331855 -0.966559345370471 1.08846115365031 0.0891214692908364 1.07266708465705 0.888971071101743 0.919828545561395 2.19783178450826 0.297977600452176 2.81179356668235 0.943432220658443 0.399748523048886 -0.35032251859392 0.538477535049589 0.18674943370593 1.18975564079163 -0.097737197944615 -0.076915483660468 0.785144908483241 0.0527810450735157 -1.08410515627917 -0.527040306790907 0.914083469296058 0.545106186005324 0.493735660228576 0.0805145886448334 0.254918165617316 0.445033704781508 1.05357703559809 0.297589469046741 
LMFr 1.37842658302775 -0.96235539657701 0.890567917626656 0.15754716630545 2.22567868977499 1.06615873361539 1.32336774655237 1.55102789794433 0.0271406332903025 0.648060132750989 0.311449238466667 -0.3811148335334 -0.459583410068478 1.57918024213874 1.52120228142667 0.298753290440419 -0.0454569218106789 -0.073572977387015 0.149309582541469 0.165074114091302 -1.0628733193603 -0.596820242817615 -0.0501113847406148 0.849837962695048 0.789704931671371 -0.344854993284099 0.179479848102522 1.73512074559647 0.741662902640489 0.260550611254039 
RMFr 1.46428707834964 -0.908020079631431 0.889440662889526 0.204485158241827 1.56003816890813 1.18095652704486 1.0562544584179 2.61324279393856 0.311062250322111 1.25687146515803 0.525244907713294 -0.0805253682633111 -0.361260559212128 0.885568357673823 0.569636102290815 1.16893382720086 -0.0228271702356631 -0.0357370742226156 0.578232400427916 0.150710758347995 -1.06964745815201 -0.495666728942823 0.234472112593853 0.677365329386823 0.600794051364628 -0.0709643878662695 0.186655703076414 1.0229030565466 1.10235299885168 0.350865071388398 
LLFr 0.618879997051728 -0.784459379234832 1.36490016083208 -0.0605698038338545 0.601350957237298 0.519883215663924 0.601597159886613 0.379135296836137 -0.0871731893098408 0.33024900746185 -0.535456459402201 -0.611726842546851 -0.352959485046614 1.32076377311699 1.63617919455174 -0.0217030359826417 -0.0933263362153343 0.155417916722188 0.111655150062257 0.211456762346053 -0.441083624772504 0.0935301042211143 0.0234303715869256 1.55120878732519 4.14695014199467 -0.1604667158717 0.0255592167070809 0.118218275188338 0.13884740409617 0.541405210989524 
RLFr 0.679534864187253 -0.671175007686983 1.24774320410809 0.0510449947991629 0.622404330178352 0.574628098547758 0.506987477955162 0.737772626488998 0.385905979156722 1.44149889901449 1.54219786080045 1.59380539575081 -0.217263487710084 0.179540166395926 -0.228879206630833 1.01445599936547 0.100806725134939 -0.0791976619544493 0.836547149994973 0.0869760263886743 -1.08566517638241 -0.401177870766913 2.68860738388802 0.28064649171569 0.165080614795255 0.185078495841165 5.12439111725985 -0.012471053976602 0.468820913722608 0.712000452885173 
LMCe 1.43900537459381 -0.662582941301323 0.627111084210407 0.660062825932066 1.33940341252826 1.62087144396097 0.467728229065638 0.785689844863001 0.522327576696463 0.552170425312584 0.256294305398677 -0.407959640049217 -0.288483918702945 1.71021759251186 1.08250331806343 0.311553819526331 -0.029971200464963 -0.0276057598020337 0.383919532278532 1.03493433147393 -0.783664867223015 1.07016043140494 0.197773398916131 1.05326190418718 0.825154539312245 -0.244183441633728 0.113963140173523 3.08831477323814 0.397760243689671 0.248873200969327 
RMCe 1.32977060286706 -0.634524414353556 0.634112609213018 0.75045819594675 1.12614732044496 1.56435697566703 0.412480276184051 1.12967547149217 1.35167373844363 1.11860438072404 0.511447873228068 0.172461983928119 0.213098592643806 0.498533999365691 0.317597121692252 2.80768481828619 -0.0037972795868565 -0.00308883044069196 1.57211764780092 0.768910810072905 -1.04463683694976 0.142276983560329 0.926334763944662 0.581055496947952 0.525388664892194 -0.164809221164029 -0.0653933536557816 1.11063298761896 0.60890017122968 0.588474560578466 
LDCe 1.09303842878977 -0.700846139105712 0.811339680848356 0.40278654179402 1.03594844711556 1.11230662367138 0.618323308413339 0.683025527819397 0.187071132070002 0.545130555199618 0.0517386285431827 -0.526306077723128 -0.393203892979779 3.1347241612917 1.89607592406243 0.117717721959123 -0.0610579301472043 -0.0694979260094032 0.236817435496306 0.864060811386761 -0.371950957493073 1.37369080420123 0.236552132492249 1.80175047014993 1.44369334896709 -0.323476369614174 0.123070580936402 1.48792837695276 0.332176936582325 0.298594556036622 
RDCe 1.01476660624412 -0.638415806956844 0.763148510171734 0.540339261262865 0.899911111339523 1.09606255554427 0.442390750640576 1.05344452294692 1.15779280012553 1.48932886190536 0.761123872814646 0.957354652756443 0.229488892137019 0.317465428800322 0.123600789677767 2.82829977831788 -0.00141613493576956 -0.0426937466525784 1.93802298614682 0.509759291815542 -0.961456785995878 0.0407585568174764 2.87270314393653 0.529100540359929 0.459467651029532 -0.0952530449912362 -1.04271481912205 0.566881062337826 0.613298663554008 0.874932562235173 
MiCe 1.76037713295878 -0.756278583785256 0.680174079039703 0.397108148094894 1.69637475628998 1.48773574595226 0.636356808419324 1.3982369214795 0.413056705308561 0.670105729226538 0.365657658466681 -0.29071637658676 -0.30338137149835 1.08746318493145 0.66532964458703 0.785961737410191 -0.0274817777834934 -0.011315631825965 0.453980233777571 0.418312385903703 -1.08290178486907 -0.165116796436655 0.0844847710684045 0.752319055382288 0.634810731851257 -0.138257619232876 0.115636835903772 1.45700856235314 0.612624630893844 0.289972184312049 
MiPa 1.32584821340976 -0.551746495331762 0.48167556840877 1.11480634365381 1.05286391844552 2.01802495579467 0.289979478923375 0.594813806028818 1.488111532962 0.643979892681899 0.372329956460837 -0.184508347643917 0.223108811316271 0.477234546634018 0.447250211972701 0.913332066233301 -0.0150853813132509 -0.000973250834914769 0.879581622645985 1.4186748159828 -0.964964431804055 0.662462608062338 0.511200026983716 0.685673921849357 0.541531729184672 -0.230445136621608 0.0576366070448343 1.21851990079138 0.402950576347352 0.293163386877095 
LLTe 0.57609591813338 -0.452080416918768 0.54808008957741 0.567080767346128 0.491197445686455 0.658622139578071 0.215884951603746 0.219101452855551 0.298084139083593 0.295900907460735 -0.0340618736633316 -0.44847195507996 -0.278883975111308 0.922779703479141 0.890325400402644 0.0407964573061648 -0.0343312425399206 0.00142094642067327 0.339040326418467 0.821462795035435 1.03870530331767 2.15937324831821 0.236787055336697 3.44376227953427 1.04627003599292 -0.331028501601736 0.0785724014164418 0.204291859714186 0.142248433497125 0.40635857167644 
RLTe 0.64856154776164 -0.429506250653445 0.542873812091697 0.666668853974513 0.514282010121428 0.67998499694684 0.293978846896052 0.2978212259567 1.30003728969967 0.855107269538583 0.725228059626026 3.03500254883511 1.2319443336918 0.0386376071395939 -0.0819833701593912 1.22914897137086 0.0338208851360863 -0.0599551248618181 1.97946199513783 0.559559344301618 -0.681561879652231 -0.0379304649003862 2.04444685272208 0.476647786768217 0.30967155642655 -0.152739416973464 -0.18736229787449 0.00779701770213123 0.41641674255636 3.88631883577134 
LDPa 1.05205413756026 -0.524974659281584 0.494616036332822 1.04027606728481 0.878846643169317 1.31320705305705 0.310664843727468 0.431607656709746 0.721689866374414 0.489293943879583 0.207197177256131 -0.414202869019769 -0.229587674699012 1.35854998922754 1.06350463127537 0.192310748882478 -0.0103395488089783 -0.0204086589876333 0.489895802206324 1.85608386385548 0.121572645034532 3.08822141547567 0.31272004895439 1.37820864151417 0.844221648798727 -0.344937105205875 0.10761277603966 1.54225640734979 0.292437549302643 0.23395214486465 
RDPa 1.00095563521547 -0.492463650287847 0.507558672239569 1.19671209611496 0.846316374497624 1.26871677712527 0.278239704846913 0.54266742383861 2.13428842607241 0.954836515198877 0.523815947547848 0.7929289231261 1.34764977686736 0.138091474997858 0.287482085581956 2.14095777732442 -0.00065942216119668 -0.0163595755505997 3.13628614356178 1.11322876793964 -0.861401716325591 0.313828168224792 1.64450807954562 0.461856167706727 0.44013895368096 -0.301626336137891 -0.210664939521632 0.574024937568889 0.52067809197817 1.01503302939114 
LLOc 0.672225116506409 -0.363502834727401 0.200367736907872 1.92292114716319 0.46468012995243 0.73664463109747 0.173602954567668 0.1698448467963 0.780024507625365 0.378705580373272 0.267743312385296 -0.145081564506771 -0.0112308562957464 -0.019993886857465 0.709642316005734 0.0655681783462737 0.0146445569639324 -0.00051284258162543 0.420622686333017 1.97324164990826 2.29663770098554 1.88885104297389 0.286403551620991 1.02631114536413 0.513984061413049 -0.34645142428033 0.102455207291555 0.510163612949382 0.199847482712262 0.157393785372036 
RLOc 0.746584578852032 -0.284238055302723 0.298708713151956 2.13956138943493 0.471529534775832 0.685500739991298 0.125138851069881 0.195509414161282 2.12906199483816 0.607583616019329 0.465830168105685 1.20901688504982 4.59191501072555 -0.241632955004363 0.161594810914332 0.741863138773782 0.0158633829230236 -0.0276668368783008 1.55586061070785 1.26681289906833 -0.816570113549776 0.0755754618667028 1.28864591189343 0.331411509965286 0.320008732881319 -0.29407923087766 0.0032934955867797 0.174654255123383 0.33420361918184 1.00057601626422 
LMOc 1.05874113684515 -0.449151598897518 0.357573245601971 1.65129892439466 0.77597965749314 1.43858029252916 0.205173159436423 0.353196748245375 1.47652495943246 0.507429397956206 0.3241748302197 -0.263222204117097 0.192731340620187 0.26980970097686 0.622758741093388 0.363661884901733 -0.000439617592874706 -0.00422792243977783 0.586892776949245 2.70525796265534 -0.268856181231673 1.61389381028637 0.449463177250388 0.807310187906848 0.549141225291646 -0.308099048593466 0.08459589868458 1.22727610877968 0.290683232640803 0.188618707412049 
RMOc 1.06862776840885 -0.428558418625313 0.399927450992641 1.72541454277813 0.756928983743595 1.35887029334808 0.189589163363852 0.374555846290258 2.59308487872403 0.677481025621742 0.416578234309383 0.156097829721214 1.28633173288355 0.0120879903050192 0.354733900322682 1.03947612240529 0.0030539782423006 -0.00669743892235742 1.39605867798925 1.77467965410102 -0.982689115451633 0.575037325345209 0.915309335374821 0.520753798408025 0.435860864583127 -0.283753871559895 0.0215369474399543 0.765047565274129 0.378871552235243 0.456760348975795 
MiOc 0.706289911896103 -0.272050414492108 0.153927279629601 3.08624817013769 0.369670085671628 0.577716040493941 0.0327744972255685 0.173908561817636 1.54817811839333 0.428212101151618 0.374156475048899 0.0932233071975338 1.1166451933027 -0.385562346806515 0.296823657036711 0.193253349753614 0.0162563943074896 -0.0112101999796407 0.425628410735653 1.79873561138776 -0.591107891172781 0.488024036538573 0.535291460828236 0.434879546644165 0.307820648194692 -0.316563257898069 0.0867566061654597 0.330199308518399 0.2324081226727 0.164054862271204 
A2 0.352224489582058 -0.183873681130024 0.732896542807965 0.197243077954129 0.228904108463821 0.298493621126799 0.248812653243116 0.133162724269355 0.574106197571675 0.484297449728796 0.921214578596816 3.32531590701686 0.399845309702443 0.0305431291014599 -0.339844139325584 0.576267419143768 0.0485506836184781 -0.0464286956544163 0.72356661831306 0.159311954288091 -0.998533082463229 -0.323237127909339 1.0633405492765 -0.0211906584663794 0.00921764269734895 0.072396896926556 0.549869154668558 -0.0345921923560809 0.248262492273281 -2.83271006991935 
