 lhe rhe LE MiPf LLPf RLPf LMPf RMPf LDFr RDFr LMFr RMFr LLFr RLFr LMCe RMCe LDCe RDCe MiCe MiPa LLTe RLTe LDPa RDPa LLOc RLOc LMOc RMOc MiOc A2 
F00 0.277986936944678 0.0702519180707668 0.046163261146534 -0.0663306303308407 -0.0170234505665307 0.0222320880875279 -0.0399133499372766 -0.0729037720455934 0.0690472171583942 0.0302349278047543 0.179633822475478 -0.0297593272718787 0.0426515503965293 0.0039884544720422 0.131111121661939 -0.0364308753479299 -0.0963677169943646 0.071002586289638 -0.0145763386194074 0.166995221867343 -0.239212220609458 0.00428323342659513 0.299213480920474 -0.206826973633025 0.673272849563152 -0.099120255209174 -0.910516330076169 0.283015167725844 0.204445449380742 0.174466665281415 
F01 -0.10653840152087 -0.0466848170958906 0.222273485993776 -0.171233973651116 -0.0332858742097165 -0.0191017083553662 0.0175961905502512 0.0980985792904964 0.00061653400625159 -0.0136282097335195 0.0644261479435793 0.0285901136852385 0.00244764475579217 0.000425846321356275 -0.0381838240002676 -0.00863383344657863 -0.0215535985015138 -0.0061773044915199 -0.0489812901187795 0.0479448452434762 -0.000271717721493813 0.00384021873847559 0.0681857409768375 0.0220782384721511 -0.00981732172475481 -0.0218780366358866 -0.0537945095354469 -0.0199791111178336 0.0389427887316604 0.00615699343389992 
F02 0.000649797256355138 -0.000767640780758823 0.0418914213578465 0.0111342509599506 -0.00644955592114817 -0.00299239565835302 0.0568392170590566 -0.00418403572767236 -0.0915270968943981 -0.0113476410347978 0.281568206537734 -0.0842022563674341 -0.00152262608999784 -0.00240231895958327 -0.10752859878518 0.0677973011576843 0.0132697696645957 0.0280020160154294 -0.0186289476677623 -0.238756105815937 -0.000915196678251606 0.0220949526899768 -0.0929156383092118 -0.170269537144921 -0.159038588900492 0.260819244388342 0.750670124589842 0.0142332653277383 -0.593135363953752 0.0553540992156674 
F03 0.0144961129197394 -0.000780794613384399 7.6598775057372e-05 0.00236953152326066 -0.000197394531769044 0.00204312313565084 -0.0385817169088516 -0.0351106195707833 -0.0118499472141987 0.00269582512278893 0.26628381941933 0.0151072236799677 -0.00132706320945485 -0.00201619392502215 -0.185627984525112 -0.00848830959974913 -0.0866952542720256 -0.00873924006869252 -0.0794110295082583 -0.062991456100567 -0.0231630090648734 -0.00844943353449248 0.478396720995136 0.182560736638898 -0.572754789551717 -0.153183387531382 0.11546750401204 -0.286710826643122 0.459586686462628 0.0434515050837014 
F04 0.265165911252517 0.156562099209008 -0.0372974052761459 -0.0858794176112288 0.00221346429506206 0.0602434855804177 -0.181533076319686 -0.0659849200721301 0.125142723180849 0.0875035174812439 -0.107584263685354 -0.113203432443912 0.0132147455717904 0.00744134700655976 -0.19570923452783 0.0529173761444806 0.114761668961362 0.00521891016264978 0.132230832620104 0.0424028439782291 -0.0158814907730978 -0.0281687853175249 -0.0432672975676988 -0.0259188118745416 -0.0527146247703957 0.00694338016645462 0.048022354938816 -0.0299481815700065 0.018314123821634 -0.130216228915013 
F05 -0.0263329186463717 -0.00277552927787763 0.00511405431725582 0.00265882167816279 -0.0034463465945423 -0.00109456901251567 0.0317066087717718 -0.00467605824951278 0.00930506129491069 0.0044099240660304 -0.0478510505200749 0.00754663101338197 -0.0164787812245913 -0.000547637592551467 0.165517772082852 -0.00271309720779692 -0.117615860686565 -0.0156508531342626 -0.019687508413316 -0.0713553328718281 0.345203805439504 -0.0262941870657348 -0.187585773424648 0.0665812232272843 -0.0993768305779623 0.00757071832453707 0.129418151694006 -0.0454285402973888 -0.00115145898830364 -0.000486494870799642 
F06 0.00187743166439875 -0.00142621532711186 -0.00363507270081877 5.63670498695423e-05 0.00124538127272927 -0.00126709409729072 0.0314819355797118 0.0488158367775911 0.0526790745769656 0.0114198491397162 -0.337226909344695 -0.0409761983135502 0.000274796417152997 -0.000736747116513591 0.00968494488653079 0.0356904947011034 0.0507409565836603 0.00402121774187802 0.0710063928123486 0.213903055225182 0.0131969733225673 0.0272809574778903 -0.200056721316324 -0.137410592041219 -0.08865427581855 0.436017831495533 0.490821780860271 -0.50810599713622 -0.15109955920964 -0.0211856424472035 
F07 0.0026899400368479 -0.00173426093418296 0.00186697190350273 0.00727405159841924 -0.000855624980460251 0.000333438470607539 0.0338152784482433 0.00269101856073181 -0.0161490844717864 -0.0172809125365495 -0.0554004084969508 0.0362056022422397 -0.00013925301797544 0.000470053028522567 -0.0494655701642512 0.0631354778111361 0.0774888745447224 0.0220680707960365 -0.0750137199772817 -0.223653922271854 0.0152171255635573 0.00634265752063543 -0.322934177532359 -0.128446497983004 -0.0834630887867854 -0.0189541009719461 0.780743973179415 0.0839810274778669 -0.115666344952906 -0.0194085705290613 
F08 -0.00956383864689608 0.0384249455195591 0.0403336880176583 0.00369919652073487 0.000648201618433666 -0.00384480229315524 -0.031143071755812 -0.00280718282854538 -0.08445703493163 -0.0307365189378962 0.319145539596784 0.162991254033416 0.00028290775531741 0.00512031853288395 0.0619207269171755 -0.0467083678698636 -0.0162266506507387 -0.089174272996787 -0.163197863738283 -0.00857849469779112 0.00480149418382034 -0.0532245542226024 -0.0740305329837896 0.246787596948912 0.034210427539569 0.137406567596891 0.0474267388152425 -0.17890590361757 -0.0536562734844347 -0.265736034860483 
F09 -0.163635094769025 0.167851906407812 0.0116773539475374 -0.0260364564599902 0.000981762893764186 0.0365981633186182 0.0507297635624489 -0.101511246478145 -0.000180360738600783 0.0621113372416469 0.0492878216969813 -0.0575672356282083 -0.0011261048986045 0.000246388939000154 0.0164839480830215 -0.00770757870036374 -0.064028282022453 0.00602813150088072 0.00272080657827059 0.00396320973340881 0.0101466827416924 -0.00688908317682088 0.0847519388499871 -0.0348922778607014 -0.00432505442601398 0.000530155431582931 -0.0464366050188459 0.0172505071083391 0.0138979238026235 -0.0351804903145793 
F10 -0.00921255987409473 4.95218805435127e-05 -0.00353279872536721 -0.00806875951093262 -0.00466425420298464 -0.000787107118876543 0.0408970475062975 -0.00223863232898598 -0.0724455753703637 0.0101408153791602 0.0745116106946547 -0.0448563710927158 0.126158623725024 0.000325507257151147 0.202053194855916 0.0264484538783383 -0.302074202405848 0.00311642191703895 -0.0649754740410963 -0.0578234271253391 0.00809527074009357 -0.000891241190327635 0.136734087918467 -0.00696418482237901 -0.0189925150173061 0.00144548042445721 -0.0467871888575449 0.0124610633761983 0.00156744592267048 -0.000724512690681843 
F11 -0.0906868484118587 -0.0126544282271066 0.0154285658912468 0.00965373720219611 -0.000129972333097732 -0.00315891402953633 -0.0119951849989233 0.0211533056721083 -0.0277052344471507 -0.00680372722803215 -0.122561274226028 0.0252635062953048 0.0958169479878952 -0.00304733028504207 -0.382121985830739 -0.0241467526290462 0.46893885677203 -0.0133205659212941 0.148149098724295 0.0787881849517514 -0.0477766013991002 -0.00501939966221251 -0.21249734952682 0.0266070321444406 0.012930142977034 0.00231165674348685 0.104967573697513 -0.0239381988712291 -0.0120751060131184 -0.00235980738833316 
F12 0.00157256992942035 0.00220026399086819 -0.00134232518964669 -0.00163960656636697 0.00104971206857375 0.000466577035640499 -0.0339079021949531 0.0218265535089972 0.00525011016904655 0.00833410134454877 0.075893825565306 -0.0446319826518141 -0.000464268705792758 0.000390161747464434 -0.0299713996486251 -0.0410108000040446 -0.031458597645452 0.00677419458915077 0.030918360788093 -0.135313660662937 -0.0105682295346582 -0.00276378043229909 0.255681073984727 -0.133775437813043 0.0495210933197057 -0.0880504251625401 -0.653869845575798 0.764573638792936 -0.0142475157266239 -0.002810189433202 
F13 -0.00485978072117576 -0.0213329239802855 0.000565537251539344 -0.00526398438523878 0.000411878969781539 -0.00336441098880315 -0.00778536202018356 0.0549092793462465 0.0187162697659222 -0.148049226211595 -0.049593399359195 0.0730475746584673 -0.00113309957285694 0.148327286359915 0.0215199581861359 0.116799619478583 -0.00627161293570244 -0.135235003361016 -0.032110875856828 -0.0402804885433219 -0.00230462642272544 -0.00433524704458758 0.0162186063293772 0.0507838511237496 -0.00295376423913007 -0.00934746635807932 -0.00302899172344644 -0.0194863144182733 0.00567232653032688 -0.00932893130114139 
F14 -0.00577865021192761 -0.00202417677889346 0.00447734654024309 0.00669544717332671 0.00214408706876021 -0.00316691165187842 0.0541935383929831 0.0600480977783574 0.0890043052664911 0.0103562198481825 -0.498369109107141 -0.0702158011077318 -0.00111158693507092 -0.00173446990139265 -0.193375360717055 -0.174686619383665 0.041861830575371 0.00830443988529784 0.274171026546767 0.860109105469176 0.00428875471943032 0.00419072221450048 -0.00118600919986363 -0.0612416459299237 0.0349735086000508 0.0135844646622886 -0.339635656106667 -0.14226122492336 0.0369844718233674 -0.00913124461213712 
F15 0.00196217516759435 -0.00112156861808663 0.00034217808331374 -0.00121310793776953 4.09317661726728e-06 -0.000706941320218798 0.0112350371964978 -0.0216576488520577 -0.00144318249670848 0.0291965334867351 0.0043150635646746 0.00726212479637596 -0.000130582137376393 -0.012212343731634 0.00674474857201524 0.0797722554789209 -0.00507259456483465 -0.105912633366791 -0.035076659358712 -0.0147668690006998 -0.00894172311494137 0.225126182084255 0.028072682289181 -0.0992697377868227 -0.00265293490062097 -0.0623109400071686 -0.0254350924790492 0.0715154475617468 0.0149177930868791 -0.0735234087569722 
F16 -0.0147908690832539 -0.0559481894368508 0.0108450104167764 0.0178663066251041 0.00251423443657924 -0.0146365957451306 0.0791069780526784 -0.280725996082374 -0.0394894307020446 0.487368579252103 0.132881204206444 -0.287202900329619 -0.0028098914058356 0.0600961224277788 -0.0563769375683973 -0.0935121226928619 -0.000639164555644375 -0.013160814047097 0.0783706666216095 0.0352982444848836 -8.22705819634651e-05 -0.0117383928914944 0.00618795734558794 -0.0373362352998721 8.69949486244438e-07 0.00908373547796357 0.0065443892541326 0.0205150191342088 -0.00854458054338236 -0.0311502069606852 
F17 -0.0250905639945876 -0.0721937439489729 0.0412861513770369 -0.0526674861364494 -0.00814799973245969 0.186342464815497 -0.00655368396449407 -0.00255491006724009 0.00392605387579678 -0.134516619178042 0.0205035043261881 0.031599616593371 0.000787445667761503 -0.0134418584849462 -0.00161598519398028 0.0369380945578604 -0.00849048856336435 0.0184656151347779 -0.0154103056497571 -0.00233533660485672 0.00102414263690496 0.00434306931952703 0.0130581275473688 -0.030266379210988 0.00150883694903816 0.00553046786844045 -0.008616699624934 0.00720115303486161 -0.000284593868503604 0.00795710389221655 
F18 -0.0966365231936531 -0.0387743124710636 0.100270485188832 0.0626664761250822 -0.0137069690022856 -0.0254627273869333 0.529873559825008 -0.0440747021077109 -0.0468326946751252 0.00478826399471113 -0.540810736921563 -0.121733057461071 -0.00803483232286459 -0.00145905436155077 0.135268999775498 0.070284087940746 0.0393562577042242 0.00618282657126383 0.129161904079567 -0.0791867453427493 0.00752379196175625 0.00406695755318847 -0.0719042077775766 -0.0433756863757647 0.00527654484623195 -0.0136108929032394 0.00327514894929494 0.0369672700997165 0.0241714472034633 -0.011817833881489 
F19 -0.00069461095810882 0.00264215437264718 0.00433339442669136 0.00686199195501105 0.00206967630051581 -0.00243615972464159 -0.0255989090340556 0.039489129262647 0.000180431518707151 0.0367811508553802 -0.0294972572601293 -0.0450522334418215 -4.16315701223285e-05 -0.00559588828303321 0.0561885010859736 -0.20975995186692 0.0210747765340291 -0.119480193215397 0.034259127548995 -0.0447211643091437 0.00578379750575615 -0.0695385388734691 -0.109902532995575 0.754581764169188 -0.00934547260496363 -0.158431302976958 0.122254584394325 -0.281982278619241 0.0387142048834811 -0.0124291270996594 
F20 -0.00340616562679585 -0.000484843846181968 0.00301848804956715 0.00115489261787113 -0.000689751029412951 0.00100102316966872 0.0196741896940055 -1.135149394419e-05 0.0107450799821488 -0.0377135389942768 -0.00563977400451101 -0.126130123667477 -0.000663479658723525 0.000824681924962023 -0.0804637331955909 0.82831032338434 0.0110429852630611 -0.0767198738125901 -0.0931466891195307 -0.376804225333633 -0.00126776624282159 0.0100384337505476 0.0439983577303057 -0.252637811837277 -0.0111060777667853 0.0270136176544736 0.0928032632505953 0.0310225621191775 -0.00798869625567954 -0.00689890342092536 
F21 -0.00485615972196899 -0.000539646184768016 0.00427918459547827 0.00573929095372615 0.00553203298968169 0.00228907027121995 -0.0291630668451831 -0.0227390834030217 0.0868064012695862 0.00214118562708017 0.0328691712445469 0.0158340849036658 -0.00574518659928383 -0.000629994302204498 -0.448876779886446 -0.00452930704353151 -0.131842414962245 0.00331462456028142 0.0510130301148073 0.0382157362081365 -0.0671829736552872 -0.00205699735397361 0.74324597643753 -0.0194716825953873 -0.112538574409979 -0.00140905376235361 -0.199046490966865 0.0603548440566179 0.00375414111637764 -0.001508670633657 
F22 -0.0438980205932321 0.00338352185987541 0.0138118111559184 -0.128738748130694 0.168456592800856 0.00260542395198726 -0.0127336723921626 0.103499819884819 -0.109527395985237 -0.0146531649240177 0.0210398118062405 -0.0303213646666999 -0.00960499471207052 -0.000203372399907982 0.017684970630461 0.00196216839235824 0.0371958254863699 0.00447082514966419 0.00150691237197655 -0.00416568782677817 0.000342485474120466 0.000871644568940549 -0.0362612486952157 -0.00331925704285964 0.00852133033164626 -0.00115895889357587 0.00405719720581717 0.00222063115337242 0.00139601243760857 0.00160195651523635 
F23 -0.00404505695995072 -0.0117225276372225 0.00272894763501956 -0.00391739010371343 0.00052205479019981 0.00391198845780613 -0.048054219869605 0.145411030367151 0.0123939662113887 -0.249198323074945 0.0158544085703092 -0.0136454102445621 -0.000973903493621156 0.0289959026244121 -0.0275934630297918 -0.209685165270254 -0.00813907365784807 0.361359809505863 0.0595038642708046 0.060648446305381 0.00132801869543796 -0.0273475418409688 -0.00263511391467809 -0.120697992134346 0.00406193684029782 0.0144127845642783 -0.00396283342256991 0.0493282909721391 -0.00804117148488792 -0.020132179094703 
F24 0.000296884167174323 -0.000806063586917938 0.000426856374718074 0.000233407571589907 -0.0020178953790384 -0.00172826634684202 0.0300395900956562 0.0264918315797824 -0.0151517991255398 0.0107059748228781 -0.213781502443868 -0.0465035221786374 0.00230874694778718 -8.75235317523684e-05 0.74483325115962 0.0503671873486343 -0.0609508284850043 -0.00575704389472603 -0.133851230045622 -0.279099829982926 0.00294109571452462 -0.00272353041521152 -0.157288190166033 0.0298749265792921 0.003023884416924 -0.00612264677256268 -0.00804364433097168 0.0392268038583744 -0.00502564180193081 -0.00319326923970254 
F25 0.0113443773972377 -0.00334507434991055 -0.00403130243106621 -0.0198068667726742 0.00326364799428176 -0.0292848462647067 -0.352111202447738 0.53043140235462 0.0826803730178281 -0.0965147660730375 -0.108990013443872 -0.054846145013142 0.00167185900565454 -0.00228802577461596 0.0279515600408094 -0.00612726777676413 -0.0112865707401849 0.0220936635613145 0.0210713165018074 -0.0199439409312561 -0.0041605113320766 0.0022118425361596 0.0416990092532391 -0.0376851792274543 -0.00527441924181993 0.0034668823748303 -0.0167272974983592 0.0265600349994099 0.00119510811334055 -0.00244170171140818 
F26 -0.0535778547749512 -0.0252287551419575 0.0528106954629543 0.165532830767569 0.0237546073381273 -0.0108774218256201 -0.262742359326771 -0.0501407281022061 -0.000457574982793973 0.000670097656880933 0.136260155830822 0.0789623328278719 -0.00166322119248673 -0.000556871230914963 0.0160456846347903 -0.00333608961995082 -0.0143096053367495 -0.0045119523170329 -0.0525849104856582 0.00822336481854582 0.00178861542959615 0.00367990814418351 0.0104860946036185 -0.0149618032346682 0.0040917350077656 -0.000331436378263487 -0.0286484036953236 0.0117169895943413 0.00653565905706426 0.00202459121850498 
F27 -0.027673814048165 -0.00358551761658306 0.0078575179101412 0.00124590414013403 0.0100752510725093 0.000883161597556883 -0.151791736273416 0.0342400767003782 0.298485460096804 -0.00606377712357325 -0.0987523746628405 0.0206525108745599 0.00269892563148192 -0.000586020674814256 0.100237962490098 -0.00142049272028753 -0.187729213860967 0.000816072068456373 -0.0101317482421299 -0.0163449357739671 0.0185860262288639 -0.000117315675854751 0.0137483489851575 0.00300682699046931 0.000871502893378672 0.0014685645880887 -0.00800507512098341 -0.00316177413539073 0.000259384509131326 0.000883812040462294 
F28 0.00245506403095755 0.0018483084180252 -0.00219158841708901 0.000827910074653495 0.000614002273626996 0.00569933335424713 0.0728017388555005 -0.154097895841396 0.0521953644176314 -0.0643691878635775 -0.376179434134791 0.572985869560344 -5.28922524637113e-05 0.00192325498199646 0.0878114620015496 -0.162418164986315 0.0164825837110458 -0.0168739643657456 -0.0933453792602797 0.0461583125288876 -0.00124088886808167 -0.00133068661184777 -0.0129990364991463 0.0395746062066555 -0.00398989967708491 -0.00399944177805435 0.0106660892936395 -0.0124736630301918 -0.00397569638523486 -0.00157737387015986 
F29 -0.00081537086889892 -0.000636864812436308 0.000869267650188689 0.000315541364904554 -0.000154262828440458 -0.000422269126715515 0.014085264187068 0.00676687417101603 0.0209758760216387 0.00268342550836349 -0.129918995652548 -0.0222243714657519 -0.000424078640218678 -0.000188730846052275 -0.0517247618550789 -0.058830713556145 0.00410385491105705 0.00279181799025199 0.291837242418314 -0.163770441202728 -0.00210863212140728 -0.00129937662829421 0.0226736110408782 0.0219096000104874 -0.00672971758459079 -0.00340517331190493 0.0342089635870131 0.0238985460133061 -0.00285968193077513 -0.000966102051525002 
