 lhe rhe LE MiPf LLPf RLPf LMPf RMPf LDFr RDFr LMFr RMFr LLFr RLFr LMCe RMCe LDCe RDCe MiCe MiPa LLTe RLTe LDPa RDPa LLOc RLOc LMOc RMOc MiOc A2 
F00 -0.0582017356735754 -0.0756518719334806 0.0922672633403024 -0.0147039275994214 0.005447829523365 -0.00111731185641296 0.267108287145319 0.0269501025849685 0.324423946973681 0.00724020858847011 -1.40252533230757 -0.450214476533066 -0.0459991993754687 0.0156153389150557 -0.0327763821497429 -0.197917177540737 -0.0987921147349254 0.0975232443444272 2.38354303885924 -1.21967112692233 -0.053841563720866 0.00576547514395141 0.0914917141044811 -0.0856737926289054 0.129732490170641 -0.00120152314616028 0.100707791238693 0.505270999038726 -0.124337570822067 0.0197182979621037 
F01 -0.169921233688558 -0.128446843492362 0.401905507120069 -0.0788039293801474 -0.0114804557943743 -0.00715531403845044 -0.0240371295515079 -0.0300913273660182 -0.0086752896619379 0.0316349957268936 0.088008708965956 0.0295731483889198 -0.0137354906107605 0.0136285504547297 -0.0188675466705479 -0.0245138629833649 0.01741177213282 -0.0131404839380928 -0.0347839529640619 -0.000199553263337196 0.0468070308894876 0.0193741459000455 -0.0324118581601258 0.0236456250062639 -0.000434675744598338 -0.0159462524966994 0.0160329151240177 0.0129381454322492 -0.00595838654312622 -0.0287514113839254 
F02 0.45218547021482 0.321760544886251 -0.0984886837118795 -0.0526390573123828 -0.022807436482972 -0.00773520349172066 -0.0829962827666472 -0.0216229797857576 -0.0678877963200019 -0.0494231676332188 0.142940474270434 0.153555453532093 0.0767858848498733 -0.0166906838386605 0.162481884272812 0.0801776107583944 -0.0579412367758569 -0.0247038373077044 -0.304463100017158 -0.0414593189551953 -0.0399201052605736 -0.0329209373744959 0.03803891586134 -0.0635521279916233 0.175667726104246 0.0299572492827964 -0.171895907597418 0.125980337047614 -0.0309736232621641 -0.0233623128100882 
F03 0.0220905859651524 -0.0054834300318861 0.0110306299552513 0.0154749864023449 -0.00252417860952028 -0.00195149093132569 -0.00302648691000269 -0.00484173601103469 -0.07888978782995 -0.0379591155746179 0.114088107020609 0.0666711999653009 -0.0133409516569322 -0.00490810093361288 0.0377392136150358 0.0475217215233793 0.0903462046846071 -0.0273899393144182 -0.258429362369141 0.330441104026519 -0.0507322536374849 0.0075193130264869 0.0571147585039877 0.0872845926756942 0.0809545478241429 -0.0807512871291037 -0.451732642755805 -0.315204091738784 0.584102549058211 0.000585205440408359 
F04 0.00758090560117598 -0.0211802792046983 -0.0078752124890183 0.00674815846934497 -0.00991541702602986 0.0019720314869456 -0.297054383286343 -0.0233523292270143 -0.340822561693693 0.128510152895864 1.47889761734254 -0.510125714876308 0.0316175717859866 0.00780992179208736 -0.488685248272981 0.0766437331988536 -0.145420688453551 0.0134887444687959 -0.156180228286262 0.0817973806216065 -0.000865158846859701 -0.0144504353803248 0.314813800390591 0.00760910278132007 -0.00560439252511206 0.0163482887138337 -0.0702512716671435 0.00728205122996542 -0.0345369921115598 0.00687071897613855 
F05 -0.0020913156780561 -0.0095678098537373 0.0132152078873019 -0.000170217476881295 0.00093880641924077 0.00100170884759594 -0.0438686428765691 -0.0136337294892261 0.0165075919416218 -0.0559005192193132 0.109985543730237 0.275275830608513 -0.0161425468787209 -0.00406978442564723 -0.0876844442815572 -0.153733314376767 0.0712145726790122 -0.0114227579207305 -0.831241054726873 1.83735611193195 -0.0269283371807711 0.0169203507802004 -0.123457559299825 -0.0111955146398461 0.117306688669036 0.10322065213573 -0.340000119419725 -0.713571708159855 -0.0480499565301853 0.00840539241775992 
F06 -0.196231808475587 -0.170353084207155 0.229959825894524 0.0586378794240469 -0.00125453049332064 -0.00393140776710074 0.605532679757295 0.00175752480068663 -0.102527855860798 -0.118572082230956 -0.159941647441436 0.0406948341842351 -0.0621450060807805 0.00060348981755654 -0.0142195316189899 0.0672363607805482 0.0167932362485186 0.0377658099464417 -0.311896729493066 0.137389605009253 -0.026518744807843 0.0299886119781498 0.0825647131754039 -0.0705283325090005 0.0499554338848129 0.0102022740577705 -0.0610130603618611 0.000302349227539857 -0.0326132874606913 0.0259626990575087 
F07 0.00470006201590485 0.00657385766455216 -0.0215085799198752 -0.0134089558374878 0.000843776402436889 -0.00243853187203693 -0.0946967880176866 -0.0960311328920313 0.023488988729079 -0.201871711494818 -0.135178756701756 1.06954843258854 -0.000168410362961647 0.00425002907261088 0.0804270487396075 -0.306580980754827 0.00928793341385384 0.0474633101094109 -0.491390116136647 0.0616030595427244 -0.00653739727146776 -0.0195788497105004 -0.00065387200281893 0.0534315808755703 -0.0227164108890985 0.00356860891870202 0.0216864415310888 0.010187122875022 0.00642326930696437 -0.00388713423742744 
F08 -0.00503476951241899 -0.00266829178917855 -0.00569291950821714 0.0040365518149672 -0.000943205168805026 -0.000825051007584427 -0.0100254713676033 -0.00762271828744444 -0.0398610772858052 -0.0166431748436431 0.0676678058769995 0.0948089021495598 -0.00421365959388249 -0.0137956412160224 0.0432203484499548 -0.0351285986997187 0.048011245562307 -0.0233452924222591 -0.143659988277043 -0.270994486121141 -0.0161823142019439 0.0507924606189911 0.0383342946871636 -0.320150240535214 0.138720731441856 -0.19907560174246 -0.495116282249895 1.33026918685921 -0.221739666052033 0.0211643372625147 
F09 -0.0469113095021855 -0.109321497530928 0.0613209788848837 -0.0170073448872953 0.00473023602598733 0.0123325107509553 -0.00902813556263299 -0.0195011830830316 0.0125121850864157 0.671728433886955 0.0950133700285707 -0.61965619995956 -0.0280906477434712 -0.0292699246925492 0.00428003458907193 0.12952596902569 -0.0010343039755559 -0.14012680621424 0.0830433896158952 -0.0409730426108839 -0.0124596348351555 0.00213616899007498 0.0167729739848604 -0.0350653972672134 0.025586224787511 0.0174552541635448 -0.015757843140213 0.0293178705953589 -0.0187885606404284 -0.0106892711677468 
F10 -0.163384161044659 0.233905105282345 -0.0170247566535463 -0.00884633696672987 0.00724483542034287 -0.00540714760112772 -0.00781427147504637 -0.0198432014850822 0.0223897922165504 -0.0242635080971302 0.0021027836490102 0.0358366258424893 0.0279748011566221 -0.0353227618301675 -0.00684357877575269 0.0172921594644763 -0.0128548626866621 -0.0187325295982985 -0.0193629984525993 -0.0103807791598014 0.0353539040660097 0.0121299898234194 -0.0105058829957116 0.00629109425625689 -0.0114146305663337 0.00727066813831869 0.0156089230998568 0.00420534153752414 -0.0106069010091899 -0.0853340851217198 
F11 -0.0143255293801263 -0.0563045768711224 0.00417384778547345 0.00079789700005348 0.00507566059729045 -0.000825791654341875 -0.0390021736030523 -0.00721712978908476 0.0446338090866831 0.00279674365351482 0.0185407485374845 0.0400887367854818 -0.00806850415115696 -0.0378715815766678 0.00835068089531091 0.125782163836004 -0.0224835354337006 -0.130900824457047 -0.0710456984302834 0.00524430061485381 -0.0133652361947714 0.210453262023027 0.0307433891990504 -0.1170378827996 0.03527156235967 -0.036595586691314 -0.0206875365687859 -0.0341337362567605 0.00431127238861 0.215489992953801 
F12 0.00535159451912244 0.0117228265821464 -0.00633039499209596 0.00166950764135508 7.35656723578015e-05 0.000169945858307711 -0.000757425250912441 -9.1772556611856e-05 -0.00115709028615214 0.00308127099490809 0.00670683703086279 -0.00235287580482616 -0.00024014859913723 -0.00263939107815871 -0.00319882005827791 0.0665092026183808 -0.0101791817016976 -0.00615438768609272 -0.0233156033810248 0.0331847394041556 0.00686751530851577 -0.0730026365389879 0.0137622098698808 -0.0658000538575363 -0.0132742778426273 0.337971236980351 0.0746711978043935 -0.180585383920106 -0.149545463007443 -0.0254690794999912 
F13 0.0078649557576414 0.00347220041149792 -0.00794603540569641 0.00537831037887582 -0.0064031125842641 0.000987211844879692 0.0559339743823017 0.00310987424272108 -0.267810556688733 -0.0109359468610947 0.0637161880828595 -0.0109392789706861 -0.0776870959098607 -0.00719836304611107 -0.145703160198983 0.0336748135327393 0.704674519801759 -0.0324698178874027 -0.0444534278897419 -0.00396804109421251 -0.156413129376957 0.0103200707922086 -0.216350166486887 0.00824842916659765 0.0641060977118631 -0.0115490562813498 -0.0259747537130986 0.0490100108667746 -0.00528293820398291 0.0071357182328937 
F14 -0.027444712454127 2.35080942553896e-05 0.0129316260096744 -0.0149622646996607 0.0327311722152198 0.00158945778442106 -0.261317752828177 -0.0108136546842816 0.588287570274933 -0.0127559216963534 -0.105703473963046 0.0528659093704481 -0.0411406180412277 -0.00295032526199145 -0.0713650585568243 0.0217551908470563 -0.232444766843738 -0.0100506256339732 -0.0709287021578211 0.0244876216763296 0.00950499221170168 0.0087896650212516 0.179003578419232 -0.00431540626308574 -0.00826999766972341 -0.00348482254006261 -0.0670448220320551 0.0242054759951716 0.000225274857351055 -0.00364987830134484 
F15 -0.00158527032251627 -0.000154369018537107 0.000243496228105352 0.00466864228180148 -0.000888361593016266 -0.00276879950397887 0.00965402666890051 0.00530889729063184 0.00551579296635693 -0.0941394728777978 0.0579096679102599 -0.0926544126903441 -0.00613319918840538 0.00274770724992384 -0.101540328594419 0.776533829869223 0.0282828732162757 -0.0365487997384181 -0.137782270049796 -0.234673869088848 0.000711670981052533 -0.00524071271182376 0.0094817916475564 -0.233765112401614 -0.00521347122949752 0.0494708236336787 0.0969813115151125 -0.0980169296249062 0.00359871376070383 0.00875041489315311 
F16 -0.0177017358431838 -0.0815212650793687 0.048943773342146 -0.0649288973343575 -0.00316674939024847 0.182524274434694 0.000248686445866799 -0.0353127275534814 0.0107367795946016 -0.111409705591387 0.00963340479138784 0.0882322491025308 -0.00789987998330869 -0.0116541161244686 0.00967810466803026 0.0127263244876568 -0.000416580467256035 0.0165908062708471 -0.0472112045621349 0.00468200775956168 0.0033573429691883 0.00256157033519191 -0.00256663177719719 -0.027609130951624 0.00558226064550204 0.00275823581054707 -0.00708709459760248 0.0126274172055822 -0.00394537361991775 0.0138959321371614 
F17 -0.0289324064072259 -0.000767056421657238 0.0194247460727355 -0.0952088626074362 0.171556190984834 -0.000336733518320466 0.00478454865494568 -0.0251758140105565 -0.135344832665216 0.00975152542190407 0.0842592288388574 0.0214133692376895 -0.0174770299975284 -0.000399955752841691 -0.000206622218252302 -0.00484154325983036 0.0403246851421783 -0.0100009614553284 -0.0233402457938844 -0.00234973447149353 -0.00288807931823779 -0.00198597870080243 -0.022004521697837 0.0147256929545871 0.00762834402075449 -0.00445075674884055 -0.000493164485346126 0.00381844495375832 -0.00251991231533945 0.00322619961975788 
F18 0.000253336189100817 0.00966041637496905 0.00434573329163905 0.00934035055546869 -0.000747050587130516 0.00125320525578814 0.0115315381867499 -0.0106033732234105 -0.000860799123625008 0.0239282574578901 -0.0974161323156743 0.0692997482266358 0.000776335598425759 -0.0125226505502594 0.0748406288397833 -0.297185609779287 -0.00833956343266291 -0.168908963131263 0.0970524504824892 -0.0274816897044016 0.023482839423569 -0.070246192918034 -0.0532926632055572 0.804883758068189 -0.0533448843826103 -0.0890932610131994 0.118139768354947 -0.426759660013635 0.073017170614947 -0.00380320813747547 
F19 0.00912808461421571 0.0020719001584786 -0.00378261585986431 0.00276825974518483 -0.00236235552324578 -3.86577781886021e-06 0.00438515511271251 0.0032612332139062 -0.0617542199454748 0.00134802279478317 0.0333364263373522 -0.0164948483798673 -0.0134184846990441 -0.00266570000836332 -0.134294614624936 0.09088493656076 0.200128790141676 -0.0282677350629519 0.0500895243484588 -0.402820052830392 -0.00389589661683677 0.00233644848659919 -0.440647690594288 0.0820093449959999 -0.117196851611464 0.0705494771848888 1.22300891884253 -0.350465157924288 -0.192586213980492 0.00608194610462986 
F20 0.0171053118048383 0.00737159564355868 -0.00273421349995192 0.000558214853010083 -0.00387272546842802 -0.00115397664228373 0.00112819748066167 6.22676172417302e-05 -0.0628258308321909 -0.0108958179601848 0.0109085531623876 0.0205411003367701 -0.00458386199609846 0.00194775496787569 0.0714019051493868 -0.00430307377817031 0.105231709870918 0.0208722165302896 -0.0173462309135856 0.0155697105912188 -0.0606642440637842 -0.0109970188090696 -0.227891209862752 -0.0701167737545669 0.479806982288985 0.0357650628926461 -0.177453653576751 0.165503144032524 -0.237672672132568 -0.00612763263623378 
F21 -0.000548655108152122 -0.001626710641598 0.0017182234175954 0.00614442668737712 0.000350529542076782 -0.00191099612713786 6.70602020198453e-05 -0.00139601158884038 0.0156045295450115 -0.010339449321995 0.00418208015227117 0.0235740171517872 0.00879939333468572 -0.00170902149776722 -0.132463553391013 0.0267336438855066 -0.216099087119802 0.00686243902618071 -0.00715821852127467 -0.0244269457450805 -0.0566184092431236 0.00737629824328653 0.748620320149713 -0.0696759755786732 -0.0849307021415987 0.00521180649017107 -0.381671401582585 0.110261304895902 0.0323176516543215 0.00571961047722087 
F22 -0.017430791706454 -0.0557378855757523 0.0164045927371096 -0.00271826284773478 0.00314061954550203 -0.00207203146869545 0.00237052806008015 0.00534645938284032 0.0144631052235988 -0.154404957639536 -0.0481857298183628 0.0920876843666068 -0.0122289298923136 0.113127400154436 0.0493348733441023 -0.52626628236713 0.0129124030738698 0.55093077599924 0.03450918042141 0.131719308583369 -0.0140575197720639 -0.102328534718352 -0.0425707284638777 -0.0826525068969272 0.021480812560929 0.0326048081397898 -0.0217354480438836 0.0621984706259311 -0.0229206817423677 -0.0434857577094701 
F23 -0.0409326219636499 -0.0243834845087086 0.0240965596810666 0.00724370650242875 0.00239176569523585 0.00153427307733696 0.00124958944622134 0.00254176946954678 0.00645351867052351 0.00129015106725539 -0.00472288954284886 0.00660924052740401 -0.0600990636565346 -0.00716050138933325 0.133989037641587 0.0427693258888091 -0.0292920514918664 -0.0203852828736044 -0.046208701190423 -0.0671447604757774 0.448288021427661 0.00497108564528731 -0.342425343461617 0.00677659477820622 -0.176695118814778 0.00466173413651098 0.236476222302673 -0.0765580646904909 0.0447172487657733 0.0266826389782663 
F24 -0.142317778676551 -0.0568717332689259 0.0474848329476261 0.00799899363204697 -0.0108660255751447 0.00247394258414851 0.0239854976385141 0.00412645157774879 -0.107835070689982 -0.0053116134391071 0.0119068150326725 0.00322583052688541 0.293689004220709 0.000550209288631811 0.043664411692376 0.00166865271975161 -0.0684790042245859 0.00563242661332329 -0.0117900453920792 -0.0185813605712882 -0.0844721410759713 0.00700504473110119 0.0425273775345299 -0.00882819809800927 0.0190690494201745 -0.00335421040386704 -0.03536598264687 0.0186918867683823 -0.000639472915594347 0.0210125543948309 
F25 -0.0732476012867729 -0.0660127252747371 0.0955987358423535 0.175293856173893 0.0137371853254855 -0.00330790964975213 -0.29120309058415 0.0339885806374483 0.0543089640744808 -0.0345330432961496 0.0810656076895673 0.0440813440299196 -0.017809927920558 0.00218576386766698 -0.0379903058176879 -0.00992430708447687 0.00484427557734103 0.0254539049721278 0.0123963582073362 -0.0213176883787364 0.00591908692325598 0.00523555810690892 0.00873024870913229 -0.0466348703005114 0.00299245336856528 -0.00065818332098744 -0.000599386608625041 0.0553129110183439 -0.014889089299685 0.00225814418333351 
F26 -0.020330542853839 -0.0532571280678719 0.014431812787356 0.000290395232416799 0.00123228497531449 -0.00230527515630495 9.4668184234518e-05 0.00245418994152208 0.0101703459359642 -0.0303184776653499 -0.0101519770742105 0.0144432187552962 -0.00535209046948252 0.171730635688661 0.00156750076608219 0.128256647889744 0.00259498336398167 -0.174258571439566 -0.028270511795416 -0.0349829215329265 0.00118451298772978 -0.0299013197054615 0.0031516306331815 0.0465808446240644 0.00340245925306237 0.0074354492984503 0.00294100124422912 -0.0190006024609504 -0.00210324063218989 -0.00790996909596069 
F27 -0.00451020944662843 -0.00309319344793917 0.00367934177910288 0.000959465915353894 -0.000660917647330034 -0.000683160621613415 0.0182458287584758 0.00186426051797865 -0.000459355988469539 -0.0141452607199276 -0.0388077998797367 0.0636084059760396 0.0117388337215537 -0.000476819436940631 0.680918717437306 0.0746819916372764 -0.195206972086127 -0.00328636206925939 -0.279744864766942 -0.280826238950392 0.0336375957096833 -0.00160770188885793 -0.15833429333454 -0.0126983369821004 0.022033070109672 -0.00292133332242435 0.0118347013670334 0.0921690211992002 -0.0191860668838659 0.00188907973712936 
F28 -0.00124657689485869 -0.00719406863684151 0.00489509732920328 -0.021812035550242 0.00324254039303525 -0.00168173808132102 -0.156385835268732 0.260891741615473 0.0389227680434323 -0.0771511664281889 -0.011559745874448 -0.0983559448748518 0.000197312320686177 -1.92261720929459e-05 -0.0187500138961456 0.0324266099295115 -0.00275012970600226 0.0249087559762471 0.0562608460091932 -0.0231591356324034 -0.00267416444553506 0.00716489531211858 0.0132203994315249 -0.0391082172126326 0.00275839764532138 0.00123291816441033 -0.00760537461023159 0.0295132679303651 -0.0051071361708741 3.10124732657272e-05 
F29 0.0127288464380883 0.0220648737044215 0.000773350894657299 -0.00154270396697724 -0.000517578241787942 -0.000886334461470485 -0.00257412059102113 -0.00210898922789398 -0.00374295244135743 -0.00464033463292733 0.00701779452998314 0.0115230139996812 0.00168394539316873 0.00545301656972235 0.0072823677065204 0.0726134250602477 -0.00203303140281449 -0.0621781706209276 -0.0261984298549465 -0.0176683563283523 -0.0158929495106699 0.184985540712621 0.017800035387519 -0.0736317554751784 -0.018125188096549 -0.0217266748400064 0.000145356353250093 0.0103275117057587 0.0181090649492098 -0.141681407373895 
