 lhe rhe LE MiPf LLPf RLPf LMPf RMPf LDFr RDFr LMFr RMFr LLFr RLFr LMCe RMCe LDCe RDCe MiCe MiPa LLTe RLTe LDPa RDPa LLOc RLOc LMOc RMOc MiOc A2 
F00 0.23426978091895 0.0971146380356509 0.0794735533220953 0.00802089416096688 -0.0355692474892402 -0.0649780736839401 0.0343606284834125 -0.0235911566820619 -0.0345446232908367 -0.0635630709525317 -0.056260929806868 0.0484085511599037 0.12639409780186 -0.0253834543900624 0.0050774346641267 0.125761039537731 0.0564275046283324 0.106646313632931 -0.0708410870565539 0.104852233195328 0.183575436937448 0.0280195259034351 -0.0301518001386969 -0.307250011992085 0.172733580616057 -0.0253247605419796 -0.0566951423704217 0.0757442242998214 0.00432201207609818 0.382257472865212 
F01 -0.232924488199726 -0.0774564602674364 0.311735263740038 -0.0703711510381062 -0.00306939190377044 -0.0346716211681642 -0.0336725291928698 0.0394674425080869 0.0184287649525559 0.0346582045560089 0.0441633557525525 -0.0110953849057234 0.0394110559771466 0.0179034232966059 -0.0405876229536928 -0.000713872609917611 0.011185907887922 -0.0141829950245555 -0.0204755897279692 0.0253068721787784 0.00308230916809333 0.00545076738072 0.0130517352494206 0.0222189890199859 -0.00887621028158485 -0.00442105370844022 -0.00536111343775358 -0.0178688191025312 0.00514582336444132 -0.0127593145293731 
F02 -0.0114671312874321 0.0501500968076687 0.00840443608641905 -0.0258602667324717 0.0121132062465989 0.0173668705992752 -0.0127071141567021 -0.247432762335253 -0.0145702155630917 -0.168268010927648 -0.197923294159455 1.25910229558519 0.0150937795822956 -0.00191322317165137 0.213843678330507 0.295800143474567 -0.0404458201940911 -0.228569451568212 -0.481166680609885 -0.230617791048456 -0.0445990916066054 -0.078420280122498 0.0484382396558818 0.0676458001305693 0.0351512548186964 0.159890682595254 0.106935495283017 -0.0770340491774354 -0.142898666732367 -0.275917413429621 
F03 0.00655889664766891 0.00836108199936016 -0.000525910909405062 -0.00806548113625223 0.00574972517094881 0.00809682821449337 -0.00997546875679459 0.000844689473591175 0.0191279665308088 -0.00646035071241384 -0.0154517274838263 0.0425575371072348 -0.00144610330775629 -0.000898334332564281 -0.0468796352313097 -0.0942841798684218 0.00608156136280278 0.00105893455193711 0.0180751542092954 0.00379916598062378 -0.0640404320690221 -0.00467364165053244 -0.055852404424928 0.0526874330811115 0.357862946477042 -0.102910810056372 -0.11654348270368 0.147222141501117 -0.0984932017224867 -0.0383767683798631 
F04 0.189269149797513 0.176091399874651 0.0875745716392493 0.0193799837820124 -0.0163070825489672 -0.00919376774657887 0.0491049960714118 0.00694123425171468 -0.027252694549565 -0.0629238974069734 -0.066245991526276 -0.0360487787683085 -0.0715683877011545 -0.0168313271598925 0.242340024097501 0.111144459685459 -0.096835678562057 -0.0703246362459039 0.0296900493404079 -0.190012057644775 0.00611290018164309 -0.0619198125610949 -0.146352270741651 0.105724146944195 0.0279020462602774 0.0523939528255954 0.0922271858185673 -0.0250763688163556 -0.0262199546281799 -0.264785379349363 
F05 0.00481752765207728 0.00758825810368666 0.00124013309292647 -0.00500446603338374 -0.00471613979354874 0.0100512270256255 -0.001871507002804 0.0145432311891365 0.00118440964742933 0.0301734456137861 -0.0273773831912857 -0.0687593859286642 0.00724959759024275 -0.0017187913038 -0.0396140643745724 -0.00289560074982849 0.0250769820341562 -0.0054344730308219 0.059500891500008 0.0375045624319574 -0.0134503534328312 -0.0414811990201319 -0.0485178085576304 -0.0612509679234586 0.0246175561225197 0.353523330069355 0.115157016970252 -0.158156497287421 -0.163705688665151 -0.0513127425654951 
F06 -0.238096229679237 0.209660505275516 0.0253458057473782 0.0242304330725031 0.0364799990824618 -0.0376897207182264 0.033975888736013 -0.0413955306730251 0.0384620898788535 -0.0321332218285175 -0.0799244577709056 0.0669066821973813 0.0497297804307375 -0.0293296579013164 -0.00191294361509082 0.012148271596728 0.000961737093051505 0.00040113032219603 -0.00753030081774563 0.00567399350858955 0.0132278537805849 -0.0147407875676441 0.00686470137006088 0.0028549083949389 -0.00975784344198437 0.0104019164729465 -0.00159114463239212 -0.0124317421635092 0.00544223823060606 -0.0542774827237602 
F07 0.0057309461104986 0.00961679140366006 0.00129902360603183 -0.00119901512606543 0.00396043903037249 -0.000499303814765059 0.00596671226954651 -0.00335231927967628 -0.00336027654208207 -0.00203929312972587 -0.000189659041876693 0.0313966607718607 -0.00508958007195086 0.000859371874035759 0.00592378994235543 -0.227638819141328 -0.0238392433178285 0.0524996395501808 0.0757137781621527 -0.188024886269768 -0.0144109310828157 0.00229112116403045 0.156224952849166 -0.14735311953002 0.0461042405344477 -0.161421726657041 -0.413032695824155 0.886285806265303 -0.0617491992020311 -0.0256443044937715 
F08 0.00138246127004425 0.00743217751640624 0.00119752019382388 0.000561525603991433 0.00237613998161519 -0.00133352921511849 0.0211362148114098 -0.0140690303924871 0.00640971120986131 0.00739212012497739 -0.0341863542285999 0.00715060870832061 -0.000722816466427939 -0.00131076250204325 -0.141847158023042 0.0112477481695558 0.0389351651366786 -0.0188483878707882 0.0496495044071931 -0.168780686908402 0.00137518801505452 -0.00724302463212842 -0.137017962811717 0.0941999065138785 -0.104659487523195 0.0330019478143451 0.716832271382163 -0.292346099706947 -0.05065577687394 -0.0263175066203253 
F09 -0.00871196014903666 0.0018920135102035 -0.00149102824270671 -0.0045754482096649 0.00117523272214836 0.00822621123848193 -0.0141030808434495 0.00972181641401403 0.00900809462904877 0.00250363755489519 -0.00759127004678331 0.0278057867342371 0.00238444776857867 0.00540268845192998 -0.0077752005842876 -0.0267920098909846 -0.0164905083956911 -0.034058293992759 -0.0391024829203147 0.117163210015671 -0.00151505589261138 -0.0108999602759922 0.0804084001423882 0.111946820726492 -0.073066454461085 -0.0391532346561873 -0.169021627492137 -0.194554679544565 0.368912949082327 -0.0843063866450225 
F10 -0.0352385853644287 -0.0187760455043106 0.00611138623008406 -0.177008746018722 0.0477302598976972 0.0439186647985168 -0.0657372156445841 0.624109348865132 0.0274038703765456 -0.219138503245159 -0.135645688528549 -0.394282823231585 -0.00186003872455267 -0.0127884783383977 0.10420832715237 0.186597427217883 -0.0212035549534914 0.0538507740827735 0.201305896153339 -0.180833216195209 0.00124337842895063 -0.00270525571765843 -0.0505307094619893 -0.0780509623219576 0.00913895075305649 0.00942613204154856 0.0409248762452626 0.0490538222920161 -0.0132079593369471 0.000101450036217369 
F11 -0.25807935119862 -0.209513615605458 0.177731325888663 0.20251298458918 -0.00921222063404491 0.0641579616860976 0.0173831233723068 -0.0333249287249354 0.0424288706510682 -0.0162377528665097 -0.151154491236419 -0.00956372920010388 0.035117448318014 0.00932589649296864 0.068356133173502 0.0126988106553166 0.0109080095138114 0.0103667538472809 0.0619390539074487 -0.0389795087897773 0.0165992553710598 0.00951803923202666 -0.0680207810943484 -0.0561909694708368 0.00993434871197899 0.00103204216799964 0.0168668103634662 0.0435205867019018 -0.0125087520069451 0.0476812201668219 
F12 -0.03515051078251 -0.00764706928134442 0.0157612193102225 0.00383027401655731 0.0261884315338828 -0.00134148880467107 -0.0103806838670653 -0.0233305274559194 -0.167821779144779 0.108909003011302 0.936535540941569 -0.856923692645265 -0.00618305981283429 -0.00211414606527015 -0.223036745003812 0.184048103244664 -0.00282361674303468 -0.0213353098607197 0.0414457502661814 0.0754084382325982 0.0016484788189173 -0.00820521773197286 -0.025782169022427 0.0815708990603845 0.0114610843390012 0.00527185456390987 0.0180029353566528 -0.10491949008532 -0.000532889492826645 -0.0127440398041224 
F13 -0.0837135639834479 0.0160598437184173 -0.000623305566195406 0.00408171516478054 -0.021969511916127 -0.00430767195705833 -0.00385918597412946 0.0189364626102833 -0.0459446972326317 0.0290890933881742 -0.010792636802113 -0.0665898868300663 0.195332597778783 -0.0249955454092372 -0.31681590147398 -0.0120263974785026 0.390371392583008 -0.0502019892371632 0.108093390448581 0.0760297408196406 -0.0287044195559895 -0.0197042025739467 -0.232261232832251 0.0960257941670951 0.0218791165629954 0.01798078684672 0.116058788669547 -0.0585409684248423 -0.0191311024253708 -0.0590799898331267 
F14 -0.00216105789926776 -0.0471281790880136 0.00546299095733889 0.0043294206860784 0.00471909088550648 -0.0413945934665461 -0.0108950181705843 0.0235861432118462 0.00643289468057036 -0.0896239246730119 0.0236472815714046 -0.0485896254397409 -0.0116628727657009 0.187679193172564 -0.0307438023195751 -0.326101003985368 -0.00524311133639269 0.410442835835618 0.106012189307789 0.0781662479915912 -0.00838501653211642 -0.00521855700368623 0.00691546303623976 -0.189015564151092 0.00530783240267192 0.0309451431177708 -0.0067561977387305 0.0723524167602513 -0.0103672925759763 -0.139814882934227 
F15 0.00263673697759468 -0.000629322849322735 0.00731156713532398 -0.00249092506209707 -0.000472045255354797 0.01916184426872 0.0246186595414214 -0.0420611188267655 -0.000586562667031777 0.078982596367113 -0.0596332291972689 0.0543490198353251 -8.9475440874047e-05 -0.00929636958282654 0.028481434187704 -0.336907479054675 0.00467465753472502 -0.217424214259166 0.0546580230550211 -0.0324662070845664 -0.0062960803808254 -0.0404511198527842 -0.0670299234460737 0.872982659948404 0.0119354884083623 -0.118301092412787 0.0636271233353677 -0.290300550165361 0.0243284915332153 -0.0258799738685314 
F16 -0.0132910704140314 -0.0438180030592942 0.0124652252960857 -0.0214382944717158 0.0134843807365226 0.0428817361820458 0.01180092499964 -0.17244891434487 -0.009043671796524 0.5092046541506 0.0563518551483692 -0.261642939586436 0.00321897661137603 -0.0160164873182495 -0.0186221434574224 0.0717987541017835 0.00381736293555092 -0.198415519732703 0.115463259193937 -0.0925565138863955 0.00362485730925562 -0.00913946979680127 0.00566865243841976 -0.054384553803497 0.000466237063676609 0.0240299181583969 0.0125534345884053 0.0581792997955174 -0.0160473084588159 -0.0153376148365579 
F17 0.00378957699825303 -0.000400027532688113 -0.000638554607389059 -0.000803257866837137 -0.00162837541335955 -0.000935743116309379 0.0383442869513741 0.0459472360314822 0.0345359535518978 0.0391269973576298 -0.267012234396851 -0.296904725145022 -0.00367049740771388 -0.000569494666011895 -0.0474378956196612 -0.0879721392853025 -0.0159888588408878 0.00355393338841288 0.630987681713219 -0.250768819252299 -0.00688025798924101 -0.002397312282953 0.0960913514900672 0.0655097311683985 -0.0151367235006716 -0.0179300773474046 0.0102449098456529 0.0487769120208541 0.00125969584024543 -0.00108979076353494 
F18 0.00715898669513262 0.00493274584726551 -0.00407957514214416 0.0009283674832564 -0.00832825899726984 -0.000646020267016295 0.0122908546585625 0.0108691156673654 -0.0200918327164859 0.0120831890589799 -0.202130319473364 0.0533636511836746 0.00436756747665932 -0.00228773227280904 0.719939832911184 -0.0804893154986773 -0.0879484305809231 0.00472058883425642 -0.11587864597978 -0.218355837992222 -0.00413300567517512 -0.00233740662964103 -0.111024493489784 0.03775117366696 0.0057550215566488 0.00193269908851556 -0.0359634998804997 0.0310605538558898 -0.00127926685928752 -0.0117484802110675 
F19 -0.0131580154962564 0.00247180643355466 0.0108906170277592 0.00106021609104882 0.0170110534884853 -0.0047016335039165 0.010343965844293 -0.010577032237995 0.0427442983148161 -0.0133972140248553 0.0137987596554017 -0.00682103435767302 -0.00213660877676656 -0.000186091127358578 -0.308162563477793 0.0279059909581472 -0.111663220760402 0.0130224285494823 0.0517469757379231 0.0127309669971281 -0.0557349759352828 -0.0016283923701183 0.614407105480529 -0.0583160548326908 -0.0831802016358065 0.00456783004717772 -0.219575389775439 0.0590137158512915 0.0169824424393528 -0.00701010922986023 
F20 0.00980679016215243 0.00594234616760288 -0.000725927713177579 -0.000254327581699182 -0.00935755463673218 -0.00035566854638794 -0.0530995469166593 0.060403780833019 0.0428113937728242 -0.00715517695898928 -0.0635557000806319 0.11712561737279 0.00451701431658048 -0.00192854237423935 -0.171241970763372 -0.334821962279553 0.0115548354722498 0.0249966380114375 -0.115288483174323 0.727453082849835 -0.00850531480401979 -0.0104708455028184 0.0353841578748118 0.0795539616812361 0.0237522086594087 0.0369222332172637 -0.187653398502748 -0.197011051782232 0.00508829799290102 -0.0223619466665484 
F21 -0.0812352179090171 -0.0141485783903699 0.0318521964544273 -0.0315100895354183 0.157466460125771 -0.0214521636112783 -0.0117846492186316 0.0127225639510897 -0.195569166826588 0.0226055451510365 0.0859552203028447 -0.00186378247234718 0.007444873760246 0.000885972235104501 -0.0071475745333074 -0.0175940158864801 0.0876216324678558 0.000392351877617842 -0.0306851854370116 0.0304953917742552 0.00144796504114247 0.00130665966331313 -0.043684241227936 0.00223469246971734 0.00468673962606166 0.00144086677328606 0.00619917416598414 -0.00682462582227939 -0.00176660581682109 0.00831062185766353 
F22 0.0031090073185229 0.00310762011957944 0.0025506579904109 -0.000999966052840684 -0.00144855197876203 0.00237545338796307 0.0100559063593434 -0.00590487392699274 -0.000677028188870353 0.00292360595936317 0.00069011726371562 0.000947000047190829 -0.0491526164314595 0.00857656877898053 0.10901170046417 -0.00123734630480774 -0.0755923269985998 -0.0112588745167215 -0.0203770191578994 -0.0244856969079527 0.299283283914427 -0.0110278527901261 -0.153299159413356 0.03136562114432 -0.0516921674864029 0.00644733340064243 0.0642853955345411 -0.00924794395552691 -0.0111770301223788 -0.0338273418712608 
F23 -0.00671207799626481 -0.0263157100811187 -0.00187353566294852 0.00132978893613245 0.00268221539647794 -0.0150515118316421 0.0028867086713923 0.00284052959829049 0.00207202153163136 -0.0173878908327043 -0.00846231880661081 0.0101754540585125 -0.00462200259969396 0.147210572786945 0.00703378288940942 0.156176594282548 0.0113108679055932 -0.213953253705987 -0.0324992398664469 -0.0432738741414122 -0.000818922634763632 -0.0204301270667763 -0.00355621585898444 0.0708719872067553 0.00130101357707389 -0.00191474559436972 0.00601784137454774 -0.0239751118968263 -0.000297168562056433 -0.000546144086456038 
F24 -0.000938887630552931 0.00222858056722307 0.00152150777260118 0.00200943432235325 0.00190577818863559 -0.00344834133439091 0.0196274992868061 0.00997941158397404 0.00493650181940147 -0.0319783514636539 0.0251436183143349 -0.181334572521283 0.00234699226780936 0.00092939223080114 -0.105905048021996 0.836701432569074 0.0145456774014128 -0.0827469048643541 -0.194077423472864 -0.0992831607361351 -0.00455408447422384 0.0039769202804063 0.0759222691753753 -0.283493041197526 -0.00395911815007023 0.0237451967743433 -0.0212927283776545 -0.00235945167553335 -0.000883763809375552 -0.00781876438223111 
F25 -0.0853284774089037 -0.00953471656935656 0.0173407720227315 -0.0279526248106102 0.089060028265116 -0.00767303449468531 -0.0223290259549433 -0.0561421391481575 0.276851742477654 -0.0402399331913141 -0.263698593306252 0.191723373757918 -0.0130945770428255 0.0064663800424311 0.103031279675114 -0.0534917960034617 -0.123357197207414 0.011301320497705 0.00835422967422754 -0.0132091690686522 0.00991395017438512 0.00281028088254974 -0.0462574240568796 0.0116138993293603 0.0116865160096432 -0.00439638564245004 0.0141827570021653 -0.00190868571566583 -0.000511080491207862 0.0122973600920084 
F26 0.00471948646371576 0.00623948736868971 0.00525696142110775 3.85122719730322e-05 -0.00039007129240494 -0.000500862835640722 0.00244125363624063 -0.00154744081152695 0.000302503906691053 -0.00176867926449293 -0.00238858304793789 -0.00259411078513346 -0.000223213851878948 -0.0112087710603147 0.0168965499320953 0.0830711013102619 -0.00183489736246425 -0.0595279901865085 -0.0190073261087162 -0.0152163202746782 -0.0116914802217476 0.195147309826729 -0.00654754322330079 -0.0920427787951791 0.00711479282729848 -0.0167603766003527 1.32974288472622e-05 0.0355830178703678 -0.00618693533739468 -0.111899924694377 
F27 0.0273814698259825 0.00926457356191071 0.00214000652887089 3.88804490674332e-05 0.00422811286010851 -0.0038273024173794 -0.00498002667672667 0.00428801616469241 0.00636348186906499 0.00208051077921257 -0.0144610414730434 0.00345870620080649 -0.142576376905842 -0.00200008976052585 -0.196892607435879 -0.00284121124727338 0.267741043720723 -0.00901885414190889 0.0338021158028138 0.0622923314108026 0.00601725237886273 -0.00349767156926691 -0.0625163570145465 0.00392892649314529 0.000458947276634571 0.00340506003581233 0.0230856352999425 -0.0155869605423933 -0.000174240686709681 -0.00125858259359153 
F28 -0.0154502698299274 -0.0555027636670513 0.023445072260365 -0.0580799195610568 0.00650133850026086 0.183135851627062 -0.0276322897152967 -0.0463878325673041 -0.00329635280673993 -0.105622634307671 0.0631720138056966 0.0661659599563416 0.00547114363417696 -0.00732747923798148 -0.0376559657180933 -0.0016313156892518 0.00391193125265008 0.033056167790069 -0.0448517803979656 0.0329867433609406 0.000495759707659263 0.000976903692426182 0.0304090915589343 -0.0379801832923856 -0.0049689017587482 0.00640011937577542 -0.0182721274256591 0.00777572585880706 0.00110620361166696 0.00154422368077349 
F29 -0.00134670955069499 -0.00083758084469652 0.00166487885163492 -0.0189436031664712 0.00248829822418289 0.00592412216765814 0.208129047044123 -0.14397911624574 -0.0677626960944273 0.0378097531898477 -0.115649477937064 0.069723625776244 -0.00138344102636285 0.00110589290196533 0.0396789853819775 -0.0576970800541185 0.0298849419532292 -0.0018929944773217 0.00296773666445759 0.0323040231987956 -0.000542082413755324 -0.000328462971720143 -0.0278609974365811 0.0135458291583774 0.00530243042704349 0.000685660736887365 -0.00495750127827622 -0.00668746742209877 -0.000691680455651853 0.000921298909869078 
