 F00 F01 F02 F03 F04 F05 F06 F07 F08 F09 F10 F11 F12 F13 F14 F15 F16 F17 F18 F19 F20 F21 F22 F23 F24 F25 F26 F27 F28 F29 
lhe 0.924689878079893 -0.431879334348111 0.954593482645083 0.721508459036879 1.5871048502011 0.694236192802341 -0.14388546847933 -0.142513705099284 0.327996928199775 -1.95485097242378 0.0553886656257961 -0.497324366177648 0.0843096383342283 -0.0225093467151058 0.0710724822166828 0.232430503462179 -0.0888689817539706 -0.11040642853339 0.882213066399101 0.120286453932118 -0.139972210063164 -0.384232451483329 0.115919964988489 -0.0772390382757334 -0.311326467312694 0.292317179158017 0.158861421075986 -0.363737116968 0.366429013882285 -0.406338971312058 
rhe 1.02691258676207 -0.651564893643164 1.2906780655442 0.93503370312484 1.13067883883257 0.480300263032409 0.18013399090656 -0.337055521440435 -0.117280508618394 3.91414415091935 -0.185068439630039 -0.182890330904623 0.406956064068619 0.175725088101367 0.00830864412337275 0.345004036706907 -0.679525031162457 -1.04846794441478 0.877165269992485 0.759218669729887 0.194527273011832 -1.35520809802643 -0.0131532961327974 0.079635808729914 -0.939409791146815 1.17320065819127 0.418087305494585 -0.509790034846336 0.946720390618143 -0.594713362756608 
LE 0.957370856535401 2.45659585198804 1.27515292033771 0.74297847553116 1.4106249175694 0.565043119684551 -0.0121872537230027 -0.157711462384224 0.286202679755553 -0.0500590555462721 -0.112624503115293 -0.176016875677164 0.201600081894419 0.0316594458546082 0.0321820032996862 0.166953028628739 -0.0772095811064319 0.235392101348765 2.20965098704912 0.402437556744941 -0.111257313448801 -0.723653129346682 0.365680869630954 -0.0060670826056453 -0.54907582433675 0.329260755651838 3.12975464481883 0.130008738759941 0.308288366472821 -0.208408485012271 
MiPf 1.01652208300452 -2.50242261466378 1.33326091045243 1.17852006087989 -0.3933642275668 0.593125719188903 -0.471425151090795 -0.269550743429772 1.03912955991891 0.36662052628621 -0.26747852275075 0.293965974956766 0.0181551056075336 -0.076172162092157 0.373218956850715 0.270545450383409 0.477301661080021 0.467718578003902 2.35414852910501 0.302823251195628 0.193401680620877 -0.801325420604038 -0.540297978666581 0.0925603367524932 -0.980335911959896 1.60069304887399 2.53040446795918 0.514298318351003 0.459994802176824 -0.598789462062719 
LLPf 0.974434119247174 -2.15686392700336 1.16172836407995 1.04004699913587 0.0972098092988033 0.694495927268695 -0.470121654982092 -0.154057896985956 0.955055705606747 -0.643118424683618 -0.243707399299374 0.726355140764051 -0.0513840431698108 -0.0464064165803074 0.343262347786836 0.258169231905287 0.211670347613487 -0.0115462307650119 1.65399464447175 0.0275062125075694 0.0376861346399891 0.00786961283107615 5.42527838328153 0.0463827420130434 -0.393838663359334 -0.234681865222843 1.43971488822956 2.67341084548506 0.325924729336904 -0.57935326101732 
RLPf 1.03792935963981 -2.11971184166202 1.2989301484989 1.16565055687685 0.0516621150555566 0.532555058423974 -0.173614301259032 -0.33449452547941 0.589414392883391 1.86867877259924 -0.23997023088078 0.05902544602268 0.296090607296825 -0.14225482459063 0.301839921059664 0.385164748690891 1.7308001155986 5.28194199795069 1.06595222519251 0.825757869820161 0.495936107905529 -1.2760937448164 0.0367051080114682 -0.0250167140097228 -0.973868055329278 2.40432724563163 -0.186002463659962 -0.0475373969645626 1.57581258855593 -0.510277970094995 
LMPf 1.01932318853811 -1.25576250444141 1.31893772132355 1.23717956827131 -0.92990925169156 0.627914855471298 -0.647471155426321 -0.166836331175493 1.38886595733588 0.176202378623808 -0.478624882391226 0.53547873105118 0.0149385352978485 -0.138946059995833 0.556258782300267 0.271299565343956 0.488080979036361 0.259151308677171 1.39124415727016 -0.0863288801523887 0.312532883891174 -0.743984692350029 0.219183167606966 0.120239349620495 -0.538610879529363 0.60779991494337 -1.79848007365887 1.14895590722304 0.530493320166886 -0.195132762170565 
RMPf 1.03121501160103 -1.19392878588875 1.35283724542159 1.27657723973995 -0.974733040123551 0.582820944871684 -0.52240219929624 -0.194103149784702 1.28856124333615 0.54367263673753 -0.340584856307972 0.290820369099767 0.155374308075147 -0.289895149792279 0.637756744349968 0.312721164961889 1.03440278740964 0.59307862933335 0.948223844511694 0.278739723994306 0.67358218601363 -1.17721993598762 0.129445476137825 0.118705893510912 -0.844391700302057 3.05869218455742 -1.24058037201603 0.393986582712575 1.1037541046529 -0.0427550211096136 
LDFr 0.990003199386068 -0.892298239854222 1.11333853849915 1.0810940282243 -0.666489656430783 0.751159554937742 -0.607330625775879 0.0368277849667357 1.26129013360061 -0.112497768794792 -1.32889107776845 1.47106272659429 -0.0579129914442739 -0.075629353642882 0.611253809854956 0.288294507398083 0.291352689576138 0.0517026292620102 0.328002638106185 -0.236147839287751 0.206289132134172 -0.00895211754191788 -0.0555314465941872 0.149022338089909 0.546799222824156 -0.0394813684656974 -1.40292193676289 3.98986871100368 -0.0939891837366852 -0.149575714491031 
RDFr 1.0344103699547 -0.852476807720554 1.22130853108459 1.2103335504942 -0.848531754266538 0.569692694612155 -0.131443623951529 -0.14298962779281 0.855072521162431 0.873818298103779 -0.293298763164868 0.196060097759665 0.457291032052738 -1.06611363456077 0.751229793074538 0.466240984068738 2.82110769972594 0.411708678217154 0.120834422900194 0.861504193907952 1.46351522819088 -1.20288133437594 0.0553164047785917 0.307784186734075 -0.559754238626881 2.38367916104711 -0.873580026536096 0.158348947603394 2.29063770499167 0.0995364726164843 
LMFr 1.02567675918404 -0.677822608991124 1.22904431066803 1.25198298536344 -1.18053276209218 0.679698471892022 -0.686128800412214 0.162144755863976 1.5545489871231 0.183541473853678 -0.677732077092428 0.672275845242123 0.0449325040477813 -0.146825222994621 0.966581594527031 0.285105815000104 0.413107924855867 0.141101619835612 -0.530744736358436 -0.183789299604811 0.506040622710535 -0.68828041593366 0.0651099012368102 0.225404671768212 0.234235565385658 0.107187156724883 -0.851321527569031 0.945683723488047 -0.0747709059889551 0.97041121488337 
RMFr 1.03640416646739 -0.672831021002569 1.23294482865687 1.28051390196846 -1.21927458648499 0.59749187359497 -0.426871264034917 0.10083133205706 1.36052489910505 0.450495905313299 -0.37211536156669 0.28451163878872 0.344158260158154 -0.426411586660639 1.1334074870636 0.368347937445176 1.00373573972275 0.238106426695726 -0.488134283253537 0.341060592484685 1.39414930802181 -1.12304618308479 0.0665145314584378 0.491375815880516 -0.347072300302292 1.17144108852392 -0.721647782197205 0.219216158518784 2.5229877092277 1.41453287783055 
LLFr 0.914006435268002 -0.64928021537499 0.764763442572374 0.67989746473099 0.248294801388569 1.12458823091764 -0.352009141309394 0.00506868229735365 0.651800386217376 -0.58530639912933 4.58961544649171 4.14477740686326 -0.122440631812514 0.0125850443221267 0.328990177695447 0.372551540836256 0.0652340203037745 -0.04381621654685 0.103163611802904 -0.174010719720365 -0.0236878177356111 0.183985718025834 0.10921506366922 0.161492048790133 0.66711397799993 -0.00956761450545013 -0.376462843295457 1.60276755088695 0.210568355938228 -0.497850418334649 
RLFr 1.01345763069586 -0.685602102691365 1.15618218046192 1.04880009858839 -0.236712341293245 0.559419236172502 0.398267378379874 -0.341644333860984 -0.0813598857688912 1.50145860159335 -0.152915655066624 0.0601659192079583 0.621469591436285 5.11790494271498 0.26523166476088 0.783017792106566 3.10020586013287 0.075760956806118 0.0954656755488194 1.09524734359272 0.922790454594954 -1.364533943175 -0.0047196081392866 2.52169351550449 -0.758420463329274 1.41829749845826 -0.252148447877026 -0.352449559314945 1.86515612937797 -0.418640354304005 
LMCe 1.01093003546233 -0.425027600556144 0.828823774653017 0.967736427215717 -1.16170016606783 0.841367181130046 -0.308245971406826 0.929024112884402 1.26279163570867 0.209481651155754 -0.717034471077572 0.748169264274104 0.102958431507461 -0.114988615441924 1.70802031715031 0.310091287452283 0.30978911534883 0.074763798184457 -0.99981914837827 0.0675408679646957 0.627220818515883 0.380058099760027 0.0481185334769666 0.314711873118113 2.57761755449101 -0.186231109532408 -0.541254096416426 0.212665626209555 0.0401574313635675 1.3092034971814 
RMCe 1.03128957505633 -0.423078879523564 0.930041520497792 1.12393516483028 -1.23201546771324 0.617626560508754 0.243640096457108 0.744510540832008 1.01737814913198 0.44150799345927 -0.339969217256056 0.249282521268277 0.982965894173323 -0.424673162147259 1.90498434277923 0.541421261775145 0.835532440994006 0.0906112290052448 -0.985427499289905 1.37759901882399 2.77094791602012 -0.636150527521403 0.0399558041846937 1.06174352406071 0.492529352451263 0.185825588518589 -0.518230790645578 -0.0128507616273894 1.1063195315164 0.871055733597993 
LDCe 0.946240377131189 -0.497158421972401 0.720575732809352 0.7435717807306 -0.668515715240696 1.2516121495104 -0.397462026789363 0.419327993221521 1.02345804112463 -0.054286685915667 -1.83147444073292 2.31026315735142 -0.175959644329116 -0.0603138733901103 0.87323304729507 0.343709137285804 0.225547105560232 0.0210538997547496 -0.595052081216331 -0.196090509716876 0.254367969119292 1.21561960510825 0.0457018342210694 0.249418113323541 2.45291769607929 -0.119856828794399 -0.674453493427878 -0.0545034305153959 -0.204383786606896 0.0186200581046028 
RDCe 1.02271898660848 -0.478805024776627 0.974600769856881 1.0925779117715 -0.948711856313038 0.585827464849293 0.582805420351617 0.0563557275338633 0.423792964572467 0.748046973450463 -0.271293417081337 0.182390171830328 1.00216982944748 -1.33216000596834 0.974300881841597 0.995739895798706 1.90302176181818 0.0194956169949901 -0.590989398730019 2.0434648607887 2.53255821122482 -0.859050701122782 0.0273815908292407 3.74598325279275 0.00717134078886011 0.614733252901611 -0.525221863136842 -0.126589000687874 2.10826497434444 -0.0586395803717678 
MiCe 1.02919495751277 -0.455865925228679 1.05482321562355 1.17680101268235 -1.29466351465411 0.666790798916717 -0.343481362653063 0.679841196250053 1.37445988726735 0.305425583840066 -0.464086894594573 0.405361400110234 0.349066309823352 -0.200607872732045 2.07689299006654 0.337834078570841 0.480681605067393 0.106621253791837 -1.10241377716244 0.272242896540421 1.22183461201788 -0.610067012255682 0.0525501477830857 0.447507911341898 0.81339855861211 -0.0464347762847066 -0.538322233934151 0.163441621581813 0.375082370909773 4.30862179091115 
MiPa 1.02353022128969 -0.324361009077449 0.71996207143673 1.0104765420709 -1.27546286995978 0.694788988628819 0.16540518669187 1.60671866334927 1.12653353391789 0.321919015283254 -0.411280749684407 0.354776230765813 0.8161621067617 -0.163245917110207 2.53565381795143 0.366933597170782 0.393267312250096 0.0630716059307358 -1.16792423359883 0.758570081307555 1.06244058282555 0.0340788070124626 0.0301738629030458 0.514668536656017 1.01250567702727 -0.256526229150083 -0.462204934291221 -0.0393517011417837 0.236766703402562 0.255551576166028 
LLTe 0.723296045643973 -0.264555583134208 0.0772426682019346 -0.0678201325827485 -0.337450276957767 3.86368079010447 -0.165661194948893 0.371616719082175 0.431805113333101 -0.0785332380839613 -0.521263685566404 1.1423622234925 -0.290043810714886 -0.0323227092091958 0.381301411994005 0.536176751724135 0.11233079679328 -0.0073319449268024 -0.452547997138019 -0.137150649959484 0.120271350959656 1.53574022240125 0.0723109467383176 0.272561489094037 0.852419348547944 -0.00497423355626153 -0.19668302972056 -0.482315204596932 -0.233191303259736 -0.028417355617251 
RLTe 0.969263649451706 -0.253518258722195 0.794903623449299 0.878592855863247 -0.887255813627353 0.604439776182942 1.80878804513573 -0.336175297717011 -0.564396297201484 0.713203988144446 -0.20736130857258 0.0846284285568143 1.35360530830259 -0.158916829190385 0.0708532804182904 4.94566595322558 0.726755300483862 -0.0059920588481405 -0.496241382278779 2.1829480141764 1.05909104714854 -1.02581107223766 0.0370922109849752 2.04151359004652 -0.653153783030626 0.197145459643977 -0.101521086043542 -0.227838229131878 1.14124190887833 0.0613577478464114 
LDPa 0.974289979435616 -0.311878908210045 0.296319997810755 0.414674794572635 -0.993181233294625 1.22333425935019 -0.0567961684561915 1.31618816223637 0.931309817168342 0.177249905023043 -0.69505110477551 0.906814259353431 -0.196450356432152 -0.0611774151233575 1.12669328779603 0.332399921074038 0.206039175024966 0.0401201561628587 -0.880114651840005 0.168402136614313 0.391200423903741 2.46119876031394 0.0260500304766198 0.256988751323124 2.22482710796603 -0.121379490547197 -0.43674528275565 -0.522124998396929 -0.186215581308337 0.743788170781655 
RDPa 1.0211731865172 -0.288522967311802 0.56522027888159 0.968250753791746 -1.19557775409367 0.610688193885733 1.45813545664037 0.929924753320607 0.643031378779799 0.456684412286556 -0.274297050796971 0.1739939646519 2.07490496347831 -0.340377952724361 1.10878943814629 0.919702902296085 0.655698864104201 0.0287328383548274 -0.924075682339413 2.94076311043527 1.7501056158843 -0.383718248982543 0.0184637076783766 1.41927832869714 0.146394447005718 -0.198407427939448 -0.419869105303514 -0.148867710012203 0.950296626502151 0.316800255619072 
LLOc 1.05105171148059 -0.157651450102753 -0.841091895570647 -0.935004816068063 -0.985848627528895 0.883779697388915 0.33569803522723 1.65213651186473 0.565131131483806 0.261917354098876 -0.369137251062734 0.337163987900904 -0.55072655109202 -0.037075614779185 0.101876404542712 0.228730559034407 0.08484932644071 0.0450553062834081 -0.594007019869055 0.386501071097391 0.175265302737634 1.52661674093188 0.0216314879337706 0.14425276565925 0.527189647285548 -0.159778654664458 -0.123517658277397 -0.454311266479729 -0.499720004715087 0.625655221663993 
RLOc 1.03300428726714 -0.145419712111025 -0.226966868439051 0.936276093739959 -1.21051834796933 0.545873231116678 3.85453745048383 0.875672757853521 0.763409615089345 0.366801300716715 -0.238166784720625 0.0816292459358066 3.09790867113577 -0.127879654241056 -0.0746529635911717 0.182490602624915 0.203186999463173 0.0270069006938089 -0.772354110059537 1.38825309238637 0.799247207426061 -0.485171238116206 0.0171162257717337 0.597688752075169 -0.354147740804822 -0.468411342773442 -0.151660759801407 -0.237261039409743 0.244700148817258 0.476602130232051 
LMOc 1.01427905372161 -0.224710148744894 0.0981751749781741 0.623992975599247 -1.16524059195873 0.805383975918393 0.490182004040197 2.71800069943239 0.873833975964487 0.305712750150904 -0.40889862905887 0.392877259832992 0.391812932498386 -0.0769768576903433 1.30262353018026 0.291532816821494 0.225068476968297 0.0385882594689436 -1.00451573238419 0.654035808509532 0.560431679392148 0.9793970212756 0.0290589818442462 0.298063621096893 1.2012404960962 -0.270930872244981 -0.342775688809815 -0.201463343084806 -0.167638198493923 1.01157568785109 
RMOc 1.02570409803216 -0.217886513680552 0.22824352440353 0.9571576890335 -1.24273719571873 0.635126401834699 1.21454950328239 2.42378650730542 0.826823484553633 0.369636072978108 -0.306438503325563 0.207981854923692 2.6712489313239 -0.156119919646845 1.45052370208286 0.417853993745994 0.338064989946965 0.0316610473820247 -1.01208955771543 1.36210617131335 1.0566832028577 -0.110340103642888 0.0260632812364705 0.613181192705874 0.574530138759701 -0.354837701596535 -0.340590799476842 -0.111793210075355 0.321838160911632 0.6526797897851 
MiOc 1.0463918351617 -0.073659257566888 -1.39018332125615 1.21383582194698 -1.08068210864329 0.608897973208724 1.82922283786296 2.19501953101152 0.660702857601901 0.358195744430267 -0.271695550282052 0.123102246917598 1.41477773991644 -0.0500591231608957 0.233364240308408 0.18276357325939 0.086908139498019 0.0396205407623395 -0.51705824841397 0.509459746538432 0.398869225957131 -0.237798168644405 0.0314283237512276 0.243425045109748 -0.0635883066802902 -0.301935729483327 -0.0432321355880224 -0.287157395673155 -0.350912021271743 0.951314570308143 
A2 1.01811579359016 -0.0662043552172225 1.13086417352692 0.944655018329217 -0.852860611719637 0.489724927140224 1.09636660528179 -0.572128660309102 -2.29352036938363 0.751347806103339 -0.188609221567486 -0.0274749455275753 0.828352868302944 0.249158890040333 -0.269004056865083 -0.490256190425014 -0.156035192693017 -0.0255528607297114 -0.275790364387209 1.16785979708676 0.273248268445979 -1.36263805908593 0.113484846369689 -0.377977625530943 -0.973766811758409 0.26435648354474 0.230672933899578 -0.227837497846809 0.809827073128357 -0.555153964870694 
